@@@.O:
0.0115902
6.52671
13
4;
@@@.OO:
0.0632394
12.2011
399
5;
@@@.OO..@:
0.0256539
1.55292
65
6;
@@@.OO..O:
0.25946
15.3236
6731
6;
@@@.OO..O@:
0.317696
9.73004
10093
7;
@@@.OO..O@..O:
0.431033
3.28266
18578
8;
@@@.OO..O@..OO:
0.382352
2.22948
14619
9;
@@@.OO..O@-:
0.262031
3.58323
6866
8;
@@@.OO..O.@:
0.36461
7.04181
13294
7;
@@@.OO..O.@.O:
0.431033
3.28266
18578
8;
@@@.OO..O.@.OO:
0.432431
2.63038
18699
9;
@@@.OO..O.-:
0.816666
6.32587
66694
7;
@@@.OO..O.-.O:
0.764705
3.15296
58477
8;
@@@.OO..O-:
0.116563
3.64532
1358
7;
@@@.OO..O-..O:
0.749999
1.5
56249
8;
@@@.OO..O-...O:
0.649999
2.90689
42249
8;
@@O:
0.0141525
14.4222
20
3;
@@O.O:
0.0606936
13.8818
368
4;
@@O.O@:
0.0598545
7.96911
358
5;
@@O.O@..O:
0.0712589
3.28028
507
6;
@@O.O@..O-:
0.122221
1.63978
1493
7;
@@O.OO:
0.0403445
4.89131
162
5;
@@O.OO..@:
0.0641293
1.94517
411
6;
@@O.O...@:
0.0604934
2.63759
365
5;
@@O.O...@O:
0.0730424
1.75152
533
6;
@@O.O...O:
0.0628871
2.25698
395
5;
@@O.O...O@:
0.0804009
1.60401
646
6;
@@O.O....-:
0.42857
1.60357
18367
5;
@@.@O:
0.0111528
6.25165
12
4;
@@.@O.O:
0.0844303
11.2275
712
5;
@@.@O.O.@:
0.0921009
5.85337
848
6;
@@.@O.O.@O:
0.293737
9.68001
8628
7;
@@.@O.O.@O.-:
0.147367
1.43637
2171
8;
@@.@O.O.O:
0.10803
4.05225
1167
6;
@@.@O.O..O:
0.292644
10.4618
8564
6;
@@.@O.O..O.@:
0.26724
4.0705
7141
7;
@@.@O.O..O.@@:
0.249999
1.65831
6249
8;
@@.@O.O..O.-:
0.743589
4.64372
55292
7;
@@.@O.O..O.-@:
0.699999
2.21359
48999
8;
@@.@O.O..O.-@.O:
0.699999
2.21359
48999
9;
@@.@O.O.-:
0.0975599
3.30557
951
6;
@@.@O.O.-@.O@:
0.411764
1.69775
16954
9;
@@.@O.O.-@.O@.O:
0.466666
1.80739
21777
10;
@@.@O.O.-O:
0.122714
3.39636
1505
7;
@@.@O.O.-O.@:
0.26923
1.94145
7248
8;
@@.O:
0.0108029
7.24917
11
3;
@@.OO:
0.0575621
13.2719
331
4;
@@.OO.@:
0.0558769
5.23795
312
5;
@@.OO.@.@:
0.0307432
1.52858
94
6;
@@.OO.@.-:
0.0830758
1.49769
690
6;
@@.OO.O:
0.0452266
3.56497
204
5;
@@.OO.O.@:
0.045782
1.61544
209
6;
@@.OO.O.-:
0.538461
1.94145
28994
6;
@@.OO.O.-@:
0.833332
2.04124
69444
7;
@@.OO...@:
0.0638523
2.70982
407
5;
@@.OO...O:
0.0912151
3.84409
832
5;
@@.OO...O@:
0.0596535
1.50561
355
6;
@@.OO....@:
0.0597004
1.76195
356
5;
@@..O:
0.0137163
10.3333
18
3;
@@..O.O:
0.121788
12.9406
1483
4;
@@..O.O.-:
0.15915
3.09016
2532
5;
@@..O...@O:
0.0145488
1.55412
21
5;
@@..O...@O..O:
0.0251971
1.49754
63
6;
@@..O...O:
0.028847
4.90503
83
4;
@@.-O:
0.0170112
5.55827
28
4;
@@-.O:
0.0176774
5.85932
31
4;
@O:
0.0177379
36.6576
31
2;
@O@:
0.0139606
14.1988
19
3;
@O@.@:
0.010009
4.24007
10
4;
@O@.@O:
0.0546766
7.42027
298
5;
@O@.@O..O:
0.0665234
3.22146
442
6;
@O@.@O..O@:
0.0463957
1.4767
215
7;
@O@.@O..OO:
0.0937489
1.83712
878
7;
@O@.@O...O:
0.0865374
1.52857
748
6;
@O@.OO:
0.0430434
5.09891
185
5;
@O@.OO..@:
0.0736382
2.25413
542
6;
@O@..O:
0.0695594
9.9491
483
4;
@O@..O..@:
0.0552682
2.55378
305
5;
@O@..O..@-:
0.624999
1.76777
39062
6;
@O@..O..O:
0.0516456
1.88776
266
5;
@OO:
0.0204087
18.7917
41
3;
@OO.@:
0.0194321
8.98799
37
4;
@OO.@@:
0.0172818
5.24542
29
5;
@OO.@@..O:
0.0403498
2.15415
162
6;
@OO.@O:
0.019003
4.82297
36
5;
@OO.@O..@:
0.0385746
1.73462
148
6;
@OO.@O..O:
0.0322303
2.24234
103
6;
@OO.@O..OO:
0.0444104
1.63239
197
7;
@OO.@...@:
0.0486414
2.0453
236
5;
@OO.@...@@:
0.0857132
1.43427
734
6;
@OO.@...O-:
0.499999
1.58114
24999
6;
@OO.@....O:
0.0236066
2.06712
55
5;
@OO.O:
0.0170238
6.78743
28
4;
@OO.O@:
0.0184543
4.72167
34
5;
@OO.O@..@:
0.0352136
1.60333
124
6;
@OO.O@..O:
0.0315675
2.25445
99
6;
@OO.OO:
0.0107477
2.25242
11
5;
@OO.OO..@:
0.0450649
2.28641
203
6;
@OO..@:
0.0221506
5.29148
49
4;
@OO..@..@:
0.0454534
1.79646
206
5;
@OO..@....O:
0.0224728
1.67608
50
5;
@OO..O:
0.021509
4.70923
46
4;
@OO.....@:
0.0456682
2.57333
208
4;
@O.@:
0.018096
13.024
32
3;
@O.@@:
0.0171169
6.74407
29
4;
@O.@@.@:
0.0200112
3.02086
40
5;
@O.@@.@.O..O:
0.999999
2
99999
7;
@O.@@.@.O..OO:
0.999999
1.73205
99999
8;
@O.@@.O:
0.019824
3.35864
39
5;
@O.@@.O.@:
0.0336184
1.7777
113
6;
@O.@@.O.O:
0.0556051
1.84173
309
6;
@O.@@.O..@:
0.027373
1.48906
74
6;
@O.@@.O..@.-:
0.833332
2.04124
69444
7;
@O.@@...O:
0.03936
1.648
154
5;
@O.@O:
0.0121071
5.59029
14
4;
@O.@O.@:
0.0261353
3.89011
68
5;
@O.@O.@.@:
0.0194193
1.58891
37
6;
@O.@O.@.-:
0.114129
1.54814
1302
6;
@O.@O...@:
0.0156803
1.67072
24
5;
@O.@O...-:
0.127961
1.85876
1637
5;
@O.@..@:
0.0153292
2.4483
23
4;
@O.@..O:
0.0216315
3.80992
46
4;
@O.@....@:
0.0715931
4.20521
512
4;
@O.@....O:
0.0495185
1.82149
245
4;
@O.@....-:
0.139622
2.27289
1949
4;
@O.O:
0.0106221
7.1668
11
3;
@O.O@:
0.0119349
4.79092
14
4;
@O.O@.@:
0.0581866
4.78203
338
5;
@O.O@.@.@:
0.0486531
1.5122
236
6;
@O.O@.@.@O:
0.101886
1.6586
1038
7;
@O.O@.@.O:
0.0728466
2.00165
530
6;
@O.O@.@..@:
0.0674408
1.97778
454
6;
@O.OO.@:
0.034432
3.0093
118
5;
@O.OO.@.@:
0.0914883
1.98344
837
6;
@O.OO.@..@:
0.0568851
1.47026
323
6;
@O.O..@:
0.0751187
8.04694
564
4;
@O.O..@.@:
0.0711774
2.08372
506
5;
@O..@:
0.0156485
9.97578
24
3;
@O..@.@:
0.0412933
5.94194
170
4;
@O..@.@.@:
0.035613
2.42411
126
5;
@O..@...@:
0.0147205
2.33703
21
4;
@O..@...@O:
0.0193141
1.45762
37
5;
@O..O:
0.0178638
11.4034
31
3;
@O..O.@:
0.106956
9.95738
1143
4;
@O..O.@.-:
0.243901
1.56174
5948
5;
@O..O...@:
0.0369309
7.40568
136
4;
@O..O...@@:
0.0280517
1.69156
78
5;
@O..O...O:
0.0155732
2.91875
24
4;
@O.-:
0.027442
10.0097
75
3;
@O.-@:
0.0425805
7.36539
181
4;
@O.-@.@:
0.179486
1.58519
3221
5;
@O.-O:
0.0186186
5.0892
34
4;
@O.-O.@:
0.208332
1.44337
4340
5;
@O-:
0.0216257
9.65573
46
3;
@O-.@:
0.0146188
4.00658
21
4;
@O-.O:
0.0374169
6.54836
140
4;
@.@@.O:
0.0126643
4.65107
16
4;
@.@@.O.O@:
0.0915168
5.8112
837
6;
@.@@.O.O@.O:
0.235022
5.99654
5523
7;
@.@@.O.O@.O-:
0.152671
1.74741
2330
8;
@.@@.O.OO:
0.106124
3.97651
1126
6;
@.@@.O.O..O:
0.25312
7.51306
6406
6;
@.@@.O.O..O@:
0.261043
4.11921
6814
7;
@.@@.O.O..O-:
0.76923
4.80384
59171
7;
@.@@.O.O..O-.@:
0.699999
2.21359
48999
8;
@.@@.O.O..O-.@.O:
0.999999
2.44949
99999
9;
@.@@.O.O-:
0.090908
3.2891
826
6;
@.@@.O.O-.@O.@:
0.799999
1.78885
63999
9;
@.@@.O.O-.@O.@.O:
0.999999
2
99999
10;
@.@@.O.O-.O:
0.0683533
1.92123
467
7;
@.@@.O.O-.O@:
0.196077
1.98029
3844
8;
@.@O:
0.0109538
7.33556
11
3;
@.@O.O:
0.0604854
9.18578
365
4;
@.@O.O.@O:
0.0646755
1.5882
418
6;
@.@O.O.@-:
0.0868045
1.47314
753
6;
@.@O.O.O@:
0.0497997
1.57799
248
6;
@.@O.O..@:
0.0675967
2.85995
456
5;
@.@O.O..O:
0.117606
4.4845
1383
5;
@.@O.O....@:
0.0633386
1.44576
401
5;
@.@O.O..-:
0.215685
1.54031
4652
5;
@.@.O:
0.0189902
6.37059
36
3;
@.@..O:
0.0144886
7.93642
20
3;
@.@..O..O:
0.0300071
5.03556
90
4;
@.@-.O:
0.0234649
4.59813
55
4;
@.O:
0.0180248
26.6218
32
2;
@.O@:
0.0183875
13.0765
33
3;
@.O@.@:
0.0182925
5.04082
33
4;
@.O@.@.@@.O-:
0.999999
1.73205
99999
8;
@.O@.@.@O..O:
0.999999
2
99999
7;
@.O@.@.O@:
0.0348997
1.82087
121
6;
@.O@.@.OO:
0.0534551
1.76081
285
6;
@.O@.@.OO.@@.O:
0.545454
1.80907
29752
9;
@.O@.@..O:
0.0345207
1.45115
119
5;
@.O@.O:
0.018647
5.44694
34
4;
@.O@.O.@@:
0.0216375
1.68364
46
6;
@.O@.O.@O:
0.0318432
1.5142
101
6;
@.O@.O..@:
0.0178321
1.82125
31
5;
@.O@.O..-:
0.115043
1.72949
1323
5;
@.O@....@:
0.0875977
4.72627
767
4;
@.O@....O:
0.0513457
1.76979
263
4;
@.O@....-:
0.158332
2.45289
2506
4;
@.OO:
0.0107463
7.24874
11
3;
@.OO.@:
0.0126129
3.7097
15
4;
@.OO.@.@@:
0.0490394
1.50195
240
6;
@.OO.@.@O:
0.0724127
2.1359
524
6;
@.OO.@.@..@:
0.0672716
1.57768
452
6;
@.OO.O.@@:
0.0632269
1.55005
399
6;
@.OO...@@:
0.0889202
2.32899
790
5;
@.O..@:
0.0147797
7.73802
21
3;
@.O..@.@@:
0.0363707
2.42739
132
5;
@.O..@..@:
0.0151498
2.39312
22
4;
@.O..@..O:
0.0284588
3.49825
80
4;
@.O..O:
0.0208515
10.6781
43
3;
@.O..O..@:
0.0375537
7.52297
141
4;
@.O..O..@O:
0.0365271
1.99539
133
5;
@.O..O..@.O..@.@.....O..O:
0.799999
1.78885
63999
9;
@.O..O..O:
0.0151292
2.88997
22
4;
@.O-:
0.0267469
9.87402
71
3;
@.O-.@:
0.0404551
5.37078
163
4;
@.O-.O:
0.02132
4.24707
45
4;
@..@O.O:
0.0136502
2.31033
18
4;
@..@O.O.@..OO:
0.199999
1.54919
3999
7;
@..@O.O.O:
0.0541456
2.06823
293
5;
@..@O...O:
0.024799
2.13036
61
4;
@..@O...OO.-:
0.833332
2.04124
69444
6;
@..@.O.OO:
0.0554723
2.03973
307
5;
@..@.O..O:
0.0248436
2.09109
61
4;
@..@.O..O.O-:
0.714285
1.88982
51020
6;
@..@...O-.OO:
0.833332
2.04124
69444
6;
@..OO:
0.0154872
5.96202
23
3;
@..OO.@:
0.0387996
2.44444
150
4;
@..OO...@:
0.0222658
1.92258
49
4;
@..OO...-:
0.0739715
1.99863
547
4;
@..O.O:
0.0197221
5.4969
38
3;
@..O.O..@:
0.026761
2.32507
71
4;
@..O.O..-:
0.0702864
1.75859
494
4;
@..O..@:
0.0206025
4.59327
42
3;
@...O:
0.0361231
22.8701
130
2;
@...O...@:
0.0397891
8.07565
158
3;
@....O:
0.0411537
20.3646
169
2;
@....O..@:
0.0381307
7.73737
145
3;
@..-O:
0.0129196
5.78487
16
3;
@..-.O:
0.0137184
4.51976
18
3;
@.-.O:
0.0152707
3.21543
23
3;
@.-..O:
0.0592149
2.05045
350
3;
@-@.OO:
0.0877182
1.48087
769
5;
@-@.-O:
0.0168419
5.38394
28
4;
@-O:
0.0207888
9.3132
43
3;
@-O.O@:
0.118942
1.79205
1414
5;
@-O.-@:
0.0129332
3.57297
16
4;
@-O.-O:
0.0379884
6.56065
144
4;
@-..O:
0.0598637
3.33689
358
3;
O@:
0.0176713
36.5024
31
2;
O@@:
0.0220296
20.1441
48
3;
O@@.@:
0.0164959
6.58062
27
4;
O@@.@@:
0.0195966
4.30346
38
5;
O@@.@@..O:
0.0331696
1.83941
110
6;
O@@.@@..O@-:
0.999999
1.73205
99999
8;
O@@.@O:
0.0159114
4.0504
25
5;
O@@.@O..@:
0.0324649
2.10128
105
6;
O@@.@O..@-O:
0.416666
1.44337
17361
8;
O@@.@O..O:
0.0268307
1.44668
71
6;
O@@.@O...O:
0.0707306
1.43221
500
6;
O@@.@O...O@.O:
0.555555
1.66667
30864
8;
O@@.@...O:
0.0273013
1.91272
74
5;
O@@.O:
0.0125378
5.71522
15
4;
O@@.O@:
0.016586
4.14539
27
5;
O@@.O@..@:
0.0342212
2.22761
117
6;
O@@.O@..@O-:
0.399999
1.54919
15999
8;
O@@.O@..O:
0.0278411
1.5293
77
6;
O@@.O....-:
0.140243
1.796
1966
5;
O@@..@:
0.0147071
3.08722
21
4;
O@@..@..O:
0.0313173
2.11625
98
5;
O@@..O:
0.0150077
3.55069
22
4;
O@@.....O:
0.0846845
5.31836
717
4;
O@@......@:
0.087181
3.82709
760
4;
O@O:
0.0110753
11.3971
12
3;
O@O.@:
0.0119412
4.83314
14
4;
O@O.@@:
0.0517653
6.18927
267
5;
O@O.@@..@:
0.0499673
1.98683
249
6;
O@O.@@..O:
0.0967202
3.37833
935
6;
O@O.@@..OO:
0.115253
1.97956
1328
7;
O@O.@...@:
0.0141874
1.4491
20
5;
O@O.O@:
0.0247255
3.20722
61
5;
O@O.O@..@:
0.0525885
1.86304
276
6;
O@O..@:
0.0554795
8.13562
307
4;
O@O..@..O:
0.0866772
3.59375
751
5;
O@O..@..O@:
0.0970138
1.5882
941
6;
O@O..@..O-O:
0.799999
1.78885
63999
7;
O@O..@...@:
0.147367
2.03133
2171
5;
O@.@:
0.0110798
7.48794
12
3;
O@.@@:
0.0101464
4.33159
10
4;
O@.@@.O:
0.047768
4.7383
228
5;
O@.@@.O.@:
0.0347305
1.63534
120
6;
O@.@@.O.@O:
0.0620144
1.86356
384
7;
O@.@@.O.@O.-O:
0.777777
2.33333
60493
9;
O@.@@.O.O:
0.0681352
2.1525
464
6;
O@.@@.O.OO:
0.0782817
1.55781
612
7;
O@.@O.O:
0.0395015
3.26584
156
5;
O@.@..O:
0.0927887
9.97349
860
4;
O@.@..O.O:
0.0757753
2.14997
574
5;
O@.O:
0.0207701
14.7695
43
3;
O@.O@:
0.0196115
8.86498
38
4;
O@.O@.@:
0.0230171
4.29658
52
5;
O@.O@.@.O:
0.0247339
2.2408
61
6;
O@.O@.O:
0.0258621
3.94911
66
5;
O@.O@.O.O:
0.0305523
2.44713
93
6;
O@.O@.O..O:
0.036882
1.61824
136
6;
O@.O@...@:
0.0609332
2.34181
371
5;
O@.O@...@@:
0.0804943
1.44668
647
6;
O@.O@...O:
0.0226526
2.21717
51
5;
O@.OO:
0.0176525
6.92056
31
4;
O@.OO.@:
0.026261
4.31202
68
5;
O@.OO.@.@:
0.0541911
1.69475
293
6;
O@.OO.@.O:
0.0319724
1.66784
102
6;
O@.OO.@..O:
0.0320341
1.80765
102
6;
O@.OO.O:
0.0124556
1.84409
15
5;
O@.O..@:
0.0296836
5.11972
88
4;
O@.O..@....O:
0.048605
1.81802
236
5;
O@.O..O:
0.0254121
4.00763
64
4;
O@.O....-:
0.0984241
1.56864
968
4;
O@..@:
0.0155549
9.81204
24
3;
O@..@...@:
0.0125402
2.38089
15
4;
O@..@...@O:
0.0358894
2.39635
128
5;
O@..@...O:
0.0207274
4.26367
42
4;
O@..@...O@:
0.0192736
1.50812
37
5;
O@..@...OO:
0.0264371
1.68977
69
5;
O@..@....@:
0.0200365
1.79053
40
4;
O@..@....@-.O.O:
0.454544
1.50756
20661
7;
O@..O:
0.017914
11.421
32
3;
O@..O.O:
0.0410556
5.63718
168
4;
O@..O.O.@:
0.0996136
4.24621
992
5;
O@..O.O.@@:
0.221263
4.12763
4895
6;
O@..O.O.@@.O:
0.218181
1.61808
4760
7;
O@..O.O.@@.OO:
0.399999
1.78885
15999
8;
O@..O.O.O:
0.0250221
1.64393
62
5;
O@..O.O.O@:
0.0863499
1.63612
745
6;
O@..O...@:
0.0258049
3.08584
66
4;
O@..O...@@:
0.0284256
1.69443
80
5;
O@..O...O:
0.0126153
1.93899
15
4;
O@.-:
0.0205187
7.68345
42
3;
O@.-@:
0.0134597
3.78803
18
4;
O@.-@.O:
0.138888
1.44337
1928
5;
O@.-O:
0.0391071
6.70338
152
4;
O@-:
0.0273097
12.1643
74
3;
O@-.@:
0.0409023
7.05546
167
4;
O@-.O:
0.0175705
4.93679
30
4;
OO@:
0.0109861
11.2967
12
3;
OO@.@:
0.0447847
10.2524
200
4;
OO@.@@:
0.0535678
6.30885
286
5;
OO@.@@..@:
0.0592684
2.25769
351
6;
OO@.@@..@O:
0.122806
1.85434
1508
7;
OO@.@@..O:
0.0904966
3.29541
818
6;
OO@.@O:
0.0249397
3.20167
62
5;
OO@.@O..@:
0.0502205
1.84799
252
6;
OO@.@O...@:
0.177082
1.73505
3135
6;
OO@.@...O:
0.0905892
3.7472
820
5;
OO@.@....-:
0.350876
2.64906
12311
5;
OO@..@..@:
0.0140129
1.46907
19
5;
OOO.@@:
0.0240128
4.74353
57
5;
OOO.@@..@:
0.102676
5.13692
1054
6;
OOO.@@..@O:
0.0575386
1.82683
331
7;
OOO.@@..@O-:
0.142856
1.64751
2040
8;
OOO.@@..@O-.@.OO:
0.470587
1.94028
22145
11;
OOO.@@..@O-.@.OO....@:
0.470587
1.94028
22145
12;
OOO.@@..@-:
0.140897
3.99017
1985
7;
OOO.@@..@-O..@O:
0.35294
1.45521
12456
10;
OOO.@@..@--:
0.16752
4.0518
2806
8;
OOO.@@..@--.@:
0.103626
1.43963
1073
8;
OOO.@@..@--.@@:
0.479999
2.4
23039
9;
OOO.@@..@--.@@O:
0.499999
2.44949
24999
10;
OOO.@@..@--.O:
0.441557
3.87466
19497
8;
OOO.@@..@--.OO:
0.499999
2.12132
24999
10;
OOO.@@..@--.OO@:
0.529411
2.18282
28027
11;
OOO.@@..@--.O.@:
0.529411
2.18282
28027
10;
OOO.@@..@--.O.@O:
0.571428
1.51186
32652
11;
OOO.@@..@--..O:
0.461537
2.88231
21301
8;
OOO.@@..@--..OO:
0.466666
2.55604
21777
10;
OOO.@@..@--..OO@:
0.499999
1.73205
24999
11;
OOO.@@..@--..OO@....@:
0.499999
1.73205
24999
12;
OOO.@@..@--..OO@....@@:
0.499999
1.73205
24999
13;
OOO.@@..@--..OO@....@@...-@:
0.499999
1.73205
24999
14;
OOO.@@..@--..OO@....@@...-@..O:
0.499999
1.73205
24999
15;
OOO.@@..@--...O:
0.188405
1.56502
3549
8;
OOO.@@..@--...O-....O-..@-..O:
0.349999
1.56525
12249
11;
OOO.@@..O:
0.0253445
1.66974
64
6;
OOO.@@..O@:
0.0472268
1.47393
223
7;
OOO.@@..O@-:
0.404039
4.02015
16324
8;
OOO.@@..O@-.@:
0.437499
3.5
19140
9;
OOO.@@..O@-.@@:
0.499999
2
24999
10;
OOO.@@..O@-..@:
0.333332
1.52752
11111
9;
OOO.@@..O-:
0.0948894
1.92373
900
7;
OOO.@@..O-@:
0.393616
3.81626
15493
8;
OOO.@@..O-@.@:
0.393938
2.26301
15518
9;
OOO.@O..@.-.-:
0.499999
1.58114
24999
8;
OOO.@...@@-:
0.108646
2.30732
1180
7;
OOO.@...@@-.@:
0.184523
2.3917
3404
8;
OOO.@...@@-.@O:
0.204544
2.35005
4183
9;
OOO.@...@@-.@OO:
0.408162
2.85714
16659
10;
OOO.@...@@-.@OOO:
0.390243
2.49878
15228
11;
OOO.@...@@-.@OOO.....O:
0.399999
2.19089
15999
12;
OOO.@...@@-.@OOO.....O..O:
0.380951
1.74574
14512
13;
OOO.@...@@-..O:
0.165048
1.67506
2724
8;
OOO.@...@@-..O@:
0.21739
1.80579
4725
9;
OOO.@...@@-..O@O:
0.299999
2.12132
8999
10;
OOO.@...@@-..O@O.....O:
0.433332
2.37346
18777
11;
OOO.@...@@-..O@O.....O..@:
0.433332
2.37346
18777
12;
OOO.@...O@-:
0.0905066
1.92635
819
7;
OOO.@...O@-.@:
0.141242
1.87911
1994
8;
OOO.@...O@-.O.......@:
0.416666
1.44337
17361
9;
OOO.@...O@-.O.......@@:
0.416666
1.44337
17361
10;
OOO.@...O@-.O.......@@...-:
0.416666
1.44337
17361
11;
OOO.@...O.-.O..O:
0.461537
1.6641
21301
8;
OOO.@...O.-.O..O....@:
0.461537
1.6641
21301
9;
OOO.@...O.-.O..O....@O:
0.461537
1.6641
21301
10;
OOO.@...O.-.O..O....@O..@:
0.461537
1.6641
21301
11;
OOO.@...O.-.O..O....@O..@.-:
0.461537
1.6641
21301
12;
OOO.@...O.-.O..O....@O..@.-.@:
0.461537
1.6641
21301
13;
OOO.@...O.-.O..O....@O..@.-.@O:
0.461537
1.6641
21301
14;
OOO.O@..O-@.@O:
0.374999
1.5
14062
10;
OOO.O...O-..@:
0.270269
1.64399
7304
7;
OOO.O...O-..@O:
0.270269
1.64399
7304
8;
OOO.O...O-..@O@:
0.454544
2.13201
20661
9;
OOO.O...O-..@O@.....@:
0.449999
2.01246
20249
10;
OOO..@..@O@.O.O@....O:
0.499999
1.58114
24999
11;
OOO..@..@O@.O.O@....O...@:
0.499999
1.58114
24999
12;
OOO..@..@O@.O.O@....O...@O:
0.499999
1.58114
24999
13;
OOO..@..@-@:
0.0976634
2.11957
953
7;
OOO..@..@-@.O:
0.173728
2.66887
3018
8;
OOO..@..@-@.O@:
0.166666
2.04124
2777
9;
OOO..@..@-@.O@O:
0.150375
1.73422
2261
10;
OOO..@..@-@.O@OO:
0.363635
2.41209
13223
11;
OOO..@..@-@.O@OO....O:
0.371428
2.1974
13795
12;
OOO..@..@-@.O@OO....O...O:
0.363635
1.7056
13223
13;
OOO..@..@-@.O@OO....O...O-:
0.363635
1.7056
13223
14;
OOO..@..@-@.O.O:
0.234374
1.875
5493
9;
OOO..@..@-@.O.O@:
0.441175
2.57248
19463
10;
OOO..@..@-@.O.O@....O:
0.441175
2.57248
19463
11;
OOO..@..@-@.O.O@....O...@:
0.433332
2.37346
18777
12;
OOO..@..@-@.O.O@....O...@-:
0.476189
2.18218
22675
13;
OOO..@..O-@:
0.0702392
1.63375
493
7;
OOO..@..O-@..@:
0.228069
1.72189
5201
8;
OOO..@..O-...O:
0.437499
1.75
19140
7;
OOO..@..O-...OO:
0.461537
1.6641
21301
8;
OOO..@..O-...OO.....O:
0.461537
1.6641
21301
9;
OOO..@..O-...OO.....O@:
0.461537
1.6641
21301
10;
OOO..@..O-...OO.....O@..@:
0.461537
1.6641
21301
11;
OOO..@..O-...OO.....O@..@-:
0.461537
1.6641
21301
12;
OOO..@..O-...OO.....O@..@-..O:
0.461537
1.6641
21301
13;
OOO..@..O-...OO.....O@..@-..O@:
0.461537
1.6641
21301
14;
OOO..O..O.-:
0.173076
2.16173
2995
6;
OOO..O..O.-.O:
0.171641
1.9869
2946
7;
OOO..O..O.-.O@:
0.333332
2.51661
11111
8;
OOO..O..O.-.O@.@:
0.45238
2.93176
20464
9;
OOO......@-..OO:
0.380951
1.74574
14512
7;
OOO......@-..OOO:
0.399999
1.78885
15999
8;
OOO......-@.O.OO:
0.374999
1.5
14062
8;
OO.@:
0.0106694
7.19906
11
3;
OO.@@:
0.0458732
10.3164
210
4;
OO.@@.@:
0.0579292
4.88541
335
5;
OO.@@.@.@:
0.0423312
1.49787
179
6;
OO.@@.@.O:
0.0504647
1.81115
254
6;
OO.@@.@.O@:
0.0919529
1.48556
845
7;
OO.@@.@..@:
0.074073
1.63299
548
6;
OO.@@.@.-:
0.26923
1.94145
7248
6;
OO.@@.@.-@:
0.310344
1.67126
9631
7;
OO.@@.O:
0.0387586
3.08158
150
5;
OO.@@.O.@:
0.0749532
1.75303
561
6;
OO.@@.O.O:
0.0367472
1.55737
135
6;
OO.@@.O.O@:
0.060605
1.4771
367
7;
OO.@@...O:
0.0571253
2.37813
326
5;
OO.@@...-:
0.208588
2.66308
4350
5;
OO.@..@.-@.@:
0.999999
1.73205
99999
7;
OO.O@.@:
0.0261946
3.55335
68
5;
OO.O@.@.@:
0.0339795
1.61756
115
6;
OO.O@.@.@O:
0.0439845
1.46809
193
7;
OO.O@.@.@O.-:
0.371428
3.80601
13795
8;
OO.O@.@.@O.-@:
0.449999
2.01246
20249
9;
OO.O@.@.@O.-..@:
0.351851
2.58557
12379
9;
OO.O@.@.O@:
0.062936
1.50523
396
7;
OO.O@.@..@:
0.124776
2.9554
1556
6;
OO.O@.@.-:
0.131753
4.27946
1735
6;
OO.O@.@.-@:
0.175096
3.96973
3065
7;
OO.O@.@.-@.-:
0.242235
4.34677
5867
8;
OO.O@.@.-@.-@:
0.186812
1.78208
3489
9;
OO.O@.@.-@.-@.O:
0.519999
2.6
27039
10;
OO.O@.@.-@.-O:
0.298506
2.44339
8910
8;
OO.O@.@.-@.-O.....-.O.-.-@..@:
0.349999
1.56525
12249
11;
OO.O@.@.-@.-O.....-.O.-.-@..@.O:
0.349999
1.56525
12249
12;
OO.O@.@.-@.-..@:
0.42857
1.60357
18367
9;
OO.O@.@.-@.-..@.O:
0.42857
1.60357
18367
10;
OO.O@.@.-@.-..O:
0.333332
1.73205
11111
8;
OO.O@.@.-@.-..O.@:
0.416666
1.44337
17361
10;
OO.O@.@.-@.--.O:
0.444443
1.88562
19752
8;
OO.O@.@.-@.--...O:
0.399999
1.54919
15999
8;
OO.O@.@.-O:
0.125355
2.34855
1571
7;
OO.O@.@.-O.@:
0.381817
4.00454
14578
8;
OO.O@.@.-O.@@:
0.313724
2.24045
9842
9;
OO.O@.@.-O.@@.@:
0.399999
2
15999
10;
OO.O@.O.@@.-:
0.0750659
1.44978
563
8;
OO.O@.O.@..O@:
0.363635
1.7056
13223
8;
OO.O@.O.@..O@.O:
0.499999
2
24999
9;
OO.O@.O..@.-..-:
0.449999
2.84605
20249
8;
OO.O@.O..@.-..-.@:
0.454544
1.50756
20661
9;
OO.O@...@@.-:
0.168167
3.06878
2828
7;
OO.O@...@@.-@:
0.232557
2.15665
5408
8;
OO.O@...@@.-@...O:
0.282608
1.91674
7986
9;
OO.O@...@@.-@...O.O:
0.282608
1.91674
7986
10;
OO.O@...@@.-@...O.O...O:
0.444443
2.3094
19752
11;
OO.O@...@@.-O:
0.382715
3.44444
14647
8;
OO.O@...@@.-O.@:
0.385713
3.22712
14877
9;
OO.O@...@@.-O.@.O:
0.391303
3.25042
15311
10;
OO.O@...@@.-O.@.O.O:
0.396824
3.1497
15746
11;
OO.O@...@@.-O.@.O.O.@:
0.444443
1.88562
19752
12;
OO.O@...@@.-O.@.O.O...O:
0.392856
2.0788
15433
12;
OO.O@...@O.-:
0.0811955
1.75655
659
7;
OO.O@...@O.-..@...O:
0.399999
1.54919
15999
9;
OO.O@...@O.-..O:
0.363635
2.08893
13223
8;
OO.O@...@O.-..O.....@:
0.416666
1.44337
17361
9;
OO.O@...@O.-..O.....@.@:
0.416666
1.44337
17361
10;
OO.O@...@O.-..O.....@.@.-:
0.416666
1.44337
17361
11;
OO.O@....@.-..-:
0.499999
1.58114
24999
7;
OO.O@....@.-..-.O:
0.499999
1.58114
24999
8;
OO.OO.@.-@.@:
0.0829257
1.67914
687
8;
OO.OO.@.-@.@O:
0.152317
1.87171
2320
9;
OO.OO.@.-@.@O.O.@...@:
0.499999
1.58114
24999
12;
OO.OO.@.-@.@O.O.@...@.@:
0.499999
1.58114
24999
13;
OO.OO...-O..@:
0.416666
2.04124
17361
7;
OO.OO...-O..@.@:
0.454544
2.13201
20661
8;
OO.OO...-O..@.@.O:
0.454544
2.13201
20661
9;
OO.OO...-O..@.@.O...@:
0.449999
2.01246
20249
10;
OO.O..@.@O.@:
0.108373
1.5441
1174
7;
OO.O..@.@O.@O:
0.164556
1.46261
2707
8;
OO.O..@.@O.@O.O:
0.235293
1.68034
5536
9;
OO.O..@.@O.@O.O.O:
0.255318
1.75038
6518
10;
OO.O..@.@O.@O.O.O.@:
0.272726
1.80907
7437
11;
OO.O..@.@O.@O.O.O.@.O:
0.272726
1.80907
7437
12;
OO.O..@.@O.@O.O.O.@.O.@:
0.272726
1.80907
7437
13;
OO.O..@.@O.@O.O.O.@.O.@.@:
0.272726
1.80907
7437
14;
OO.O..@.-:
0.0219573
1.72174
48
5;
OO.O..@.-@.@:
0.150724
2.79958
2271
7;
OO.O..@.-@.@O:
0.145984
2.41649
2131
8;
OO.O..@.-@.@O.O:
0.242423
3.11399
5876
9;
OO.O..@.-@.@O.O.@:
0.358208
2.93207
12831
10;
OO.O..@.-@.@O.O.@.O:
0.425531
2.9173
18107
11;
OO.O..@.-@.@O.O...@:
0.209676
1.651
4396
10;
OO.O..@.-@.@O.O...@.O:
0.209676
1.651
4396
11;
OO.O..@.-@.@O.O...@.O...-:
0.476189
2.18218
22675
12;
OO.O..@.-@.@O.O...@.O...-@:
0.476189
2.18218
22675
13;
OO.O..@.-@.@..O:
0.388888
1.64991
15123
8;
OO.O..@.-@.@..O.@:
0.416666
1.44337
17361
9;
OO.O..@.-O.@:
0.101204
2.0617
1024
7;
OO.O....@O.-..O...O:
0.461537
1.6641
21301
8;
OO.O....@O.-..O...O.@:
0.461537
1.6641
21301
9;
OO.O....@O.-..O...O.@.O:
0.461537
1.6641
21301
10;
OO.O....@O.-..O...O.@.O..@:
0.461537
1.6641
21301
11;
OO.O....@O.-..O...O.@.O..@.-:
0.461537
1.6641
21301
12;
OO.O....@O.-..O...O.@.O..@.-..@:
0.461537
1.6641
21301
13;
OO.O....@O.-..O...O.@.O..@.-..@.O:
0.461537
1.6641
21301
14;
OO.O....-O.@O...O:
0.461537
1.6641
21301
8;
OO.O....-O.@O...O...O:
0.461537
1.6641
21301
9;
OO.O....-O.@O...O...O.@:
0.461537
1.6641
21301
10;
OO.O....-O.@O...O...O.@.-:
0.461537
1.6641
21301
11;
OO.O....-O.@O...O...O.@.-@:
0.461537
1.6641
21301
12;
OO.O....-O.@O...O...O.@.-@....O:
0.461537
1.6641
21301
13;
OO.O....-O.@O...O...O.@.-@....O.@:
0.461537
1.6641
21301
14;
OO..@:
0.0173416
13.076
30
3;
OO..@...@:
0.0536698
8.44563
288
4;
OO..@...@O:
0.0442267
4.36603
195
5;
OO..@...@O..@:
0.0272376
1.47617
74
6;
OO..@...@O....@.....@...--....O:
0.454544
1.50756
20661
10;
OO..@...@...@:
0.0706875
2.86354
499
5;
OO..@...@...@.O:
0.0902051
1.77685
813
6;
OO..@...@-:
0.0714275
2.43486
510
5;
OO..@...@-..@:
0.232322
2.31159
5397
6;
OO..@...@-..@.O:
0.529411
3.08697
28027
7;
OO..@...@-..@.O.....@:
0.515151
2.95932
26538
8;
OO..@...@-..@.O.....@....-:
0.499999
2
24999
9;
OO..@...@-..@.O.....@....-..@:
0.499999
2
24999
10;
OO..@...@-..@.O.....@....-..@.O:
0.499999
2
24999
11;
OO..@...@-..@.O.....@...-:
0.529411
2.18282
28027
9;
OO..@...@-..O.......O:
0.416666
1.44337
17361
7;
OO..@...@-..O...........@:
0.454544
1.50756
20661
7;
OO..@...@-..O...........@-:
0.454544
1.50756
20661
8;
OO..@...@-..O...........@-..O:
0.454544
1.50756
20661
9;
OO..@...@-..O...........@-..O.O:
0.454544
1.50756
20661
10;
OO..@...O:
0.0252982
5.71059
64
4;
OO..@...O@:
0.0410102
4.11056
168
5;
OO..@...O@..@:
0.0431433
2.25633
186
6;
OO..@...O@..@.O:
0.0835107
1.8047
697
7;
OO..@....@:
0.0607539
6.30829
369
4;
OO..@....@..O:
0.0358661
1.55019
128
5;
OO..@....@..O.@:
0.0602826
1.75342
363
6;
OO..@....@....@:
0.079771
1.49453
636
5;
OO..@.......O:
0.0406493
2.01619
165
4;
OO..@...-:
0.0470577
2.49234
221
4;
OO..@...-@:
0.092944
2.77749
863
5;
OO..@...-@..@:
0.90909
3.01511
82644
6;
OO..@...-@....O:
0.434782
2.08514
18903
6;
OO..@...-@....O.....O:
0.416666
1.44337
17361
7;
OO..@...-@....O.....O...-:
0.416666
1.44337
17361
8;
OO..@...-@....O.........-:
0.454544
1.50756
20661
7;
OO..@...-@....O.........-@:
0.454544
1.50756
20661
8;
OO..@...-@....O.........-@..O:
0.454544
1.50756
20661
9;
OO..@...-@....O.........-@..O.O:
0.454544
1.50756
20661
10;
OO....@:
0.0132111
2.75147
17
3;
OO......O...O...........@:
0.454544
2.13201
20661
5;
OO......O...O...........@O:
0.454544
2.13201
20661
6;
OO......O...O...........@O..O:
0.454544
2.13201
20661
7;
OO......O...O...........@O..O.O:
0.454544
2.13201
20661
8;
OO......-...O...........-:
0.499999
2.44949
24999
5;
OO......-...O...........--..O:
0.499999
2.44949
24999
6;
OO.-@:
0.0130154
4.33542
16
4;
OO-.@:
0.0130901
4.40764
17
4;
O.@:
0.0184457
27.2083
34
2;
O.@@:
0.0112308
7.47897
12
3;
O.@@.@.O@:
0.0359665
1.59803
129
6;
O.@@.@.OO:
0.0663706
2.23111
440
6;
O.@@.@.O..O:
0.0673748
1.60009
453
6;
O.@@...OO:
0.0764238
2.12346
584
5;
O.@@...O-:
0.17647
1.45521
3114
5;
O.@O:
0.0206659
14.7878
42
3;
O.@O.@:
0.0258625
7.55177
66
4;
O.@O.@.@O:
0.0259423
2.32855
67
6;
O.@O.@.O@:
0.0339246
1.46196
115
6;
O.@O.@.OO:
0.0327009
2.57017
106
6;
O.@O.@..@:
0.0579318
2.25789
335
5;
O.@O.@..O:
0.0250438
2.36326
62
5;
O.@O.O:
0.0226406
6.21686
51
4;
O.@O.O.@O:
0.0302061
1.61178
91
6;
O.@O...@...O:
0.0438699
1.7272
192
5;
O.@O....@:
0.0409106
1.69228
167
4;
O.@O....-:
0.0742563
1.49255
551
4;
O.@..@:
0.016079
8.17489
25
3;
O.@..@..@:
0.0129758
2.41921
16
4;
O.@..@..@.O:
0.0340208
1.95204
115
5;
O.@..@..O:
0.0206357
4.30726
42
4;
O.@..O:
0.0190965
10.1175
36
3;
O.@..O..@:
0.0232812
2.84644
54
4;
O.@..O..O:
0.0133268
2.08444
17
4;
O.@.....O:
0.0225314
3.14511
50
3;
O.@.....O@:
0.0396696
1.45001
157
4;
O.@-:
0.0213181
7.8548
45
3;
O.@-.@:
0.0150756
2.94945
22
4;
O.@-.O:
0.0463632
5.85348
214
4;
O.O@:
0.0107432
7.30158
11
3;
O.O@.@:
0.0612605
9.20128
375
4;
O.O@.@.@@:
0.0518817
1.79353
269
6;
O.O@.@.@O:
0.0511768
1.79561
261
6;
O.O@.@.@O.@:
0.174999
1.56525
3062
7;
O.O@.@.@-:
0.189872
1.68763
3605
6;
O.O@.@.O@:
0.0750977
1.68931
563
6;
O.O@.@..O:
0.0449587
2.06668
202
5;
O.O@.@..-:
0.185896
2.32186
3455
5;
O.OO.@.@@:
0.0400944
1.83522
160
6;
O.OO.@.@@.O:
0.0957972
2.33677
917
7;
O.OO.@.@@.O-:
0.389312
4.45589
15156
8;
O.OO.@.@@.O-...@:
0.397589
3.62222
15807
9;
O.OO.@.@..@:
0.139275
2.6389
1939
6;
O.OO.@.@-:
0.0935558
3.14913
875
6;
O.OO.@.@-.@:
0.116053
2.6388
1346
7;
O.OO.@.@-.@-:
0.161472
3.0338
2607
8;
O.OO.@.@-.@-.@:
0.160713
1.70084
2582
9;
O.OO.@.@-.@-.@.O:
0.499999
3
24999
10;
O.OO.@.@-.@-.@.O.O:
0.545454
1.80907
29752
11;
O.OO.@.@-.@-.O:
0.197182
1.66149
3888
8;
O.OO.@.@-.@-.O...O:
0.529411
2.18282
28027
10;
O.OO.@.@-.@-...@.O:
0.434782
2.08514
18903
10;
O.OO.@.@-.@-...@.O......-..-.....O:
0.42857
1.60357
18367
11;
O.OO.@.@-.@-...O:
0.343749
1.94454
11816
8;
O.OO.@.@-.@-...O.@:
0.411764
1.69775
16954
10;
O.OO.@.@-.O:
0.107041
2.01683
1145
7;
O.OO.@.@-.O@:
0.433734
3.95151
18812
8;
O.OO.@.@-.O@.@:
0.399999
1.78885
15999
9;
O.OO.@.@-.O@.@.@:
0.444443
1.88562
19752
10;
O.OO.@.O@.@-:
0.0851517
1.82235
725
8;
O.OO.@.O..@-...-:
0.444443
2.66667
19752
8;
O.OO.@.O..@-...-.@:
0.444443
1.88562
19752
9;
O.OO.@..@:
0.0130218
1.46587
16
5;
O.OO.@..@.@-:
0.206521
3.431
4265
7;
O.OO.@..@.@-.@:
0.303029
3.01511
9182
8;
O.OO.@..@.@-.@...O:
0.343749
2.75
11816
9;
O.OO.@..@.@-.@...O.O:
0.343749
2.75
11816
10;
O.OO.@..@.@-.@...O.O...O:
0.468084
3.20903
21910
11;
O.OO.@..@.@-.O:
0.383332
2.96929
14694
8;
O.OO.@..@.@-.O.@:
0.387754
2.71428
15035
9;
O.OO.@..@.@-.O.@.O:
0.387754
2.71428
15035
10;
O.OO.@..@.@-.O.@.O.O:
0.395348
2.59247
15630
11;
O.OO.@..@.@-.O.@.O.O.@:
0.444443
1.88562
19752
12;
O.OO.@..@.@-.O.@.O.O...O:
0.374999
1.83712
14062
12;
O.OO.@..@.O:
0.0316143
1.51918
99
6;
O.OO.@..@.O@.@:
0.185184
1.66667
3429
8;
O.OO.@..@.O@.@.O:
0.180555
1.53206
3260
9;
O.OO.@..@.O@.@.O.O:
0.266666
1.78885
7111
10;
O.OO.@..@.O-:
0.0936062
1.95905
876
7;
O.OO.@..@.O-...@...O:
0.454544
1.50756
20661
9;
O.OO.@..@.O-...O:
0.391303
2.65395
15311
8;
O.OO.@..@.O-...O.O:
0.391303
1.87663
15311
9;
O.OO.O.@-.@@:
0.0801994
1.602
643
8;
O.OO.O.@-.@@.O:
0.166666
1.95789
2777
9;
O.OO.O.@-.@@.O.O:
0.164834
1.57243
2717
10;
O.OO.O.@-.@@.O.O.@:
0.255813
1.67748
6544
11;
O.OO.O.@-.@@.O.O.@...@:
0.454544
1.50756
20661
12;
O.OO.O.@-.@@.O.O.@...@.@:
0.454544
1.50756
20661
13;
O.OO.O..-.O..@:
0.423076
2.15728
17899
7;
O.OO.O..-.O..@.@:
0.458332
2.24536
21006
8;
O.OO.O..-.O..@.@.O:
0.458332
2.24536
21006
9;
O.OO.O..-.O..@.@.O...@:
0.449999
2.01246
20249
10;
O.OO...@@.O@:
0.0977433
1.59416
955
7;
O.OO...@@.O@.O:
0.159999
1.6
2559
8;
O.OO...@@.O@.O.O:
0.152173
1.4596
2315
9;
O.OO...@@.O@.O.O.O:
0.272726
1.80907
7437
10;
O.OO...@@.O@.O.O.O.@:
0.272726
1.80907
7437
11;
O.OO...@@.O@.O.O.O.@.O:
0.272726
1.80907
7437
12;
O.OO...@@.O@.O.O.O.@.O.@:
0.272726
1.80907
7437
13;
O.OO...@@.O@.O.O.O.@.O.@@:
0.272726
1.80907
7437
14;
O.OO...@-:
0.0254789
1.90214
64
5;
O.OO...@-.@:
0.0363082
1.75678
131
6;
O.OO...@-.@@:
0.158808
3.18807
2521
7;
O.OO...@-.@@.O:
0.216326
3.38604
4679
8;
O.OO...@-.@@.O.O:
0.301135
3.99502
9068
9;
O.OO...@-.@@.O.O.@:
0.310344
3.34252
9631
10;
O.OO...@-.@@.O.O.@.O:
0.410958
3.51123
16888
11;
O.OO...@-.@@.O.O.@.O.O:
0.421052
3.17888
17728
12;
O.OO...@-.@@.O.O.@.O.O..-:
0.399999
2.96648
15999
13;
O.OO...@-.@@.O.O.@.O.O..-.O:
0.390243
2.49878
15228
14;
O.OO...@-.@@.O.O.@.O...@:
0.42857
1.60357
18367
12;
O.OO...@-.@@.O.O.@.O...@-:
0.42857
1.60357
18367
13;
O.OO...@-.@@.O.O.@.O...@-.O:
0.42857
1.60357
18367
14;
O.OO...@-.@@.O.O.@.O...@-.O-...O:
0.42857
1.60357
18367
15;
O.OO...@-.@@.O.O...@:
0.277777
2.04124
7716
10;
O.OO...@-.@@.O.O...@.O:
0.277777
2.04124
7716
11;
O.OO...@-.@@.O.O...@.O..-:
0.454544
2.13201
20661
12;
O.OO...@-.@@.O.O...@.O..-.@:
0.454544
2.13201
20661
13;
O.OO...@-.@@...O:
0.384614
1.96116
14792
8;
O.OO...@-.@@...O.@:
0.399999
1.78885
15999
9;
O.OO...@-.@@...O.@.O:
0.454544
1.50756
20661
10;
O.OO...@-..@.O:
0.285713
1.51186
8163
7;
O.OO...@-..@.O.O:
0.499999
1.58114
24999
8;
O.OO...O..O-...O:
0.172839
1.55555
2987
7;
O.OO...O..O-...O.@:
0.384614
1.96116
14792
8;
O.OO...O..O-...O.@.@:
0.454544
2.13201
20661
9;
O.OO....@.O-...O:
0.317072
2.03026
10053
7;
O.OO....@.O-...O...O:
0.461537
2.35339
21301
8;
O.OO....@.O-...O...O.@:
0.461537
2.35339
21301
9;
O.OO....@.O-...O...O.@.O:
0.461537
2.35339
21301
10;
O.OO....@.O-...O...O.@.O..@:
0.461537
2.35339
21301
11;
O.OO....@.O-...O...O.@.O..@-:
0.461537
2.35339
21301
12;
O.OO....@.O-...O...O.@.O..@-...@:
0.461537
2.35339
21301
13;
O.OO....@.O-...O...O.@.O..@-...@.O:
0.461537
2.35339
21301
14;
O.OO....-.O@.O...O:
0.461537
1.6641
21301
8;
O.OO....-.O@.O...O...O:
0.461537
1.6641
21301
9;
O.OO....-.O@.O...O...O.@:
0.461537
1.6641
21301
10;
O.OO....-.O@.O...O...O.@-:
0.461537
1.6641
21301
11;
O.OO....-.O@.O...O...O.@-.@:
0.461537
1.6641
21301
12;
O.OO....-.O@.O...O...O.@-.@....O:
0.461537
1.6641
21301
13;
O.OO....-.O@.O...O...O.@-.@....O.@:
0.461537
1.6641
21301
14;
O.O..@:
0.0241002
13.2706
58
3;
O.O..@..@:
0.0548662
8.65095
301
4;
O.O..@..@.O:
0.0414534
3.43723
171
5;
O.O..@..@.O....@.....@..-.-....O:
0.454544
1.50756
20661
10;
O.O..@..@....@:
0.0562299
1.44241
316
5;
O.O..@..@....@.O:
0.10465
1.68095
1095
6;
O.O..@..@.-:
0.109022
3.07977
1188
5;
O.O..@..@.-..@:
0.490195
3.5007
24029
6;
O.O..@..@.-..@.O:
0.499999
3.53553
24999
7;
O.O..@..@.-..@.O.....@:
0.479166
3.31976
22960
8;
O.O..@..@.-..O.......O:
0.416666
1.44337
17361
7;
O.O..@..O:
0.0240103
5.43231
57
4;
O.O..@..O.@:
0.0345787
2.9869
119
5;
O.O..@..O.@..@:
0.0504538
2.48103
254
6;
O.O..@..O.@..@.O:
0.076922
1.56893
591
7;
O.O..@..O.@..@.......@..-:
0.384614
1.96116
14792
8;
O.O..@..O.@..@.......@..-.-:
0.384614
1.96116
14792
9;
O.O..@..O.@..@.......@..-.-..O:
0.384614
1.96116
14792
10;
O.O..@....@:
0.0634872
5.82261
403
4;
O.O..@....@..O:
0.0456645
1.64142
208
5;
O.O..@....@..O.@:
0.0702468
1.89279
493
6;
O.O..@.......O:
0.0484223
2.04069
234
4;
O.O..@..-:
0.0491913
2.56744
241
4;
O.O..@..-.@:
0.075283
1.99751
566
5;
O.O..@..-.@....O:
0.454544
1.50756
20661
6;
O.O..@..-.@....O........-:
0.454544
1.50756
20661
7;
O.O..@..-.@....O........-.@:
0.454544
1.50756
20661
8;
O.O..@..-.@....O........-.@..O:
0.454544
1.50756
20661
9;
O.O..@..-.@....O........-.@..O.O:
0.454544
1.50756
20661
10;
O.O.....O....O..........@:
0.454544
1.50756
20661
5;
O.O.....O....O..........@.O:
0.454544
1.50756
20661
6;
O.O.....O....O..........@.O..O:
0.454544
1.50756
20661
7;
O.O.....O....O..........@.O..O.O:
0.454544
1.50756
20661
8;
O.O.......O....O........O.@:
0.454544
1.50756
20661
6;
O.O.......O....O........O.@..O:
0.454544
1.50756
20661
7;
O.O.......O....O........O.@..O.O:
0.454544
1.50756
20661
8;
O.O.....-....O:
0.195121
1.7669
3807
4;
O.O.....-....O..........-:
0.499999
2.82843
24999
5;
O.O.....-....O..........-.-..O:
0.499999
2.82843
24999
6;
O.O-.@:
0.0189587
3.81342
35
4;
O..@@:
0.0167572
6.27551
28
3;
O..@@.O:
0.0345536
2.26906
119
4;
O..@@...O:
0.0379284
3.10999
143
4;
O..@.@:
0.017183
4.64577
29
3;
O..@.@..O:
0.0389599
3.27921
151
4;
O..@..O:
0.0214296
5.07963
45
3;
O..O@:
0.0124394
5.75362
15
3;
O..O@.@:
0.0181702
2.9193
33
4;
O..O@.@.@:
0.0405199
1.50638
164
5;
O..O@...@:
0.0548659
4.268
301
4;
O..O.@:
0.0147604
4.96207
21
3;
O..O.@.@@:
0.0350074
1.47327
122
5;
O..O.@.O@:
0.0292149
1.51923
85
5;
O..O.@..@:
0.0603164
4.54187
363
4;
O..O..@:
0.0153742
3.99879
23
3;
O...@:
0.0413865
26.48
171
2;
O...@.@:
0.0274422
6.05963
75
3;
O....@:
0.0492907
25.1106
242
2;
O....@..@:
0.0455365
9.35051
207
3;
O..-@:
0.0229182
10.2231
52
3;
O..-.@:
0.0245614
8.60129
60
3;
O.-:
0.0100879
6.84862
10
2;
O-:
0.0116001
12.1759
13
2;
O-@:
0.0278691
12.4101
77
3;
O-@.@:
0.065305
1.77051
426
4;
O-@.-@:
0.0417293
7.07942
174
4;
O-@.-O:
0.0188592
5.15136
35
4;
O-O.-@:
0.0132152
4.38969
17
4;
O-..@@:
0.387096
2.15526
14984
4;
.@@@..O:
0.0128209
3.9551
16
4;
.@@@..O@.@OO....@:
0.799999
1.78885
63999
9;
.@@@..OO.@:
0.0683685
3.5275
467
6;
.@@@..OO.O:
0.081407
2.45442
662
6;
.@@@..OO..@:
0.10845
2.88976
1176
6;
.@@@..OO..@O:
0.36111
4.84481
13040
7;
.@@@..OO..O:
0.116465
1.8378
1356
6;
.@@@..OO..-:
0.249999
2.82843
6249
6;
.@@@..OO..-O:
0.731706
4.68521
53539
7;
.@@@..OO.-:
0.0489334
1.74182
239
6;
.@@@..OO.-.O:
0.76923
4.80384
59171
7;
.@@O:
0.0178049
12.8643
31
3;
.@@O..@:
0.0200905
4.14468
40
4;
.@@O..@O.@:
0.0388069
1.47419
150
6;
.@@O..@O.O:
0.0762239
1.78926
581
6;
.@@O..@O..-@:
0.799999
1.78885
63999
7;
.@@O..O:
0.0233342
5.20502
54
4;
.@@O..O@.@:
0.0303777
1.60692
92
6;
.@@O..O@.-:
0.116021
1.56092
1346
6;
.@@O..O@.-O:
0.624999
1.76777
39062
7;
.@@O..O@.-OO:
0.999999
2
99999
8;
.@@O..O@.-.@:
0.777777
2.33333
60493
7;
.@@O..O..@:
0.0266656
1.46059
71
5;
.@@O..O..-:
0.17647
2.05798
3114
5;
.@@O.....@:
0.0793347
3.19911
629
4;
.@@O.....-:
0.214952
2.22349
4620
4;
.@@.OO:
0.0140041
3.13331
19
4;
.@@.OO..O:
0.0256237
1.4407
65
5;
.@@.OO...O:
0.0509248
1.6736
259
5;
.@@.OO...O@:
0.0815036
1.45572
664
6;
.@@.O...OO-:
0.624999
1.76777
39062
6;
.@@.O....O:
0.0233559
1.54351
54
4;
.@@..O..O-O:
0.833332
2.88675
69444
6;
.@@...O..O:
0.0240928
1.69327
58
4;
.@@...O..O-:
0.42857
1.60357
18367
5;
.@@...O..O-O:
0.714285
1.88982
51020
6;
.@@....O.-O:
0.545454
1.80907
29752
5;
.@@....O.-OO:
0.624999
1.76777
39062
6;
.@O@:
0.0110956
7.49625
12
3;
.@O@..O:
0.0573859
6.9965
329
4;
.@O@..O@.O.@:
0.749999
1.5
56249
7;
.@O@..O..@:
0.0557511
1.87414
310
5;
.@O@..O..O:
0.105415
3.38974
1111
5;
.@OO:
0.0106427
7.25489
11
3;
.@OO..@:
0.0123206
2.79719
15
4;
.@OO..@@.O:
0.114649
2.0316
1314
6;
.@OO..O@.@:
0.105931
1.62736
1122
6;
.@OO...@.@:
0.0628008
1.56502
394
5;
.@OO...@.O:
0.0712633
1.48634
507
5;
.@O.@@:
0.0105861
2.58671
11
4;
.@O.O:
0.0161944
6.23582
26
3;
.@O.O@:
0.0335717
3.01633
112
4;
.@O..@:
0.0199342
5.39495
39
3;
.@O...O:
0.0213828
4.86538
45
3;
.@O...O..@:
0.0261667
1.6733
68
4;
.@.@O:
0.0195197
6.70059
38
3;
.@.@O.O:
0.110985
13.6346
1231
4;
.@.@O.O.O:
0.0577356
1.69907
333
5;
.@.@..O:
0.0155869
7.73881
24
3;
.@.@..O..O:
0.0295913
4.23823
87
4;
.@.O:
0.0203117
21.0138
41
2;
.@.OO:
0.0514748
13.694
264
3;
.@.OO.O:
0.0331903
5.0357
110
4;
.@.OO.O.O@:
0.0874693
1.799
765
6;
.@.OO.O.O@.@:
0.18421
1.60591
3393
7;
.@.O..@:
0.0166762
7.19373
27
3;
.@.O..@..@:
0.0151208
2.02436
22
4;
.@.O..@..@-:
0.071252
1.43748
507
5;
.@.O..@..O:
0.0334512
3.31245
111
4;
.@.O..O:
0.0271803
11.4236
73
3;
.@.O..O..@:
0.0393301
6.73999
154
4;
.@.O..O..@.O....@.@...O..O:
0.799999
1.78885
63999
9;
.@.O..O..O:
0.0153637
2.42267
23
4;
.@..O:
0.0361441
22.7413
130
2;
.@..O...O:
0.0258152
3.89946
66
3;
.@..O...OO:
0.0203782
1.43468
41
4;
.@.-O:
0.015296
3.14841
23
3;
.@.-..O:
0.0449614
1.5582
202
3;
.@-O:
0.026724
9.79642
71
3;
.@-.O:
0.0141209
6.1749
19
3;
.O@@:
0.0108812
7.38746
11
3;
.O@@..@O.O:
0.0836809
1.82956
700
6;
.O@@..@O..-:
0.399999
1.78885
15999
6;
.O@@...O.O:
0.0654195
1.65761
427
5;
.O@O:
0.0105985
7.16698
11
3;
.O@O..@:
0.0732757
8.75067
536
4;
.O@O..@@.O:
0.0565206
1.4847
319
6;
.O@O..@..O:
0.0705476
2.10821
497
5;
.O@O..@..-:
0.42857
2.77746
18367
5;
.O@.@:
0.0168651
6.33174
28
3;
.O@.@@:
0.0104929
2.56714
11
4;
.O@.@O:
0.0346276
3.05774
119
4;
.O@..O:
0.02087
5.717
43
3;
.O@...@:
0.0174923
3.83105
30
3;
.O@...@..O:
0.040191
2.52795
161
4;
.OO@:
0.0205384
14.6897
42
3;
.OO@..@:
0.0308224
6.68536
95
4;
.OO@..@@.O:
0.0271567
1.65618
73
6;
.OO@..@O.O:
0.0425609
2.09377
181
6;
.OO@..@O.O@:
0.105262
1.45095
1108
7;
.OO@..@..@:
0.0797861
2.18797
636
5;
.OO@..@..O:
0.0399102
2.2425
159
5;
.OO@..O:
0.0272922
5.41666
74
4;
.OO@..O@.@:
0.0667928
1.52898
446
6;
.OO@...@..O:
0.0489119
2.09813
239
5;
.OO@.....-:
0.196969
1.60019
3879
4;
.OOO..@@.@-:
0.17647
1.78226
3114
7;
.OOO..@@.@-O:
0.340908
2.26133
11621
8;
.OOO..@@.@-O....@:
0.499999
1.73205
24999
9;
.OOO..@@.-:
0.120369
3.75278
1448
6;
.OOO..@@.-@:
0.233332
3.13049
5444
7;
.OOO..@@.-@O:
0.365384
3.72621
13350
8;
.OOO..@@.-@O....@:
0.291666
2.02072
8506
9;
.OOO..@@.-@O....@@:
0.444443
1.88562
19752
10;
.OOO..@@.-O@....O:
0.416666
1.44337
17361
9;
.OOO..@@.--:
0.120353
2.86078
1448
7;
.OOO..@@.--@:
0.200589
3.69325
4023
7;
.OOO..@@.--@....O:
0.351999
3.93548
12390
8;
.OOO..@@.--@....O@:
0.499999
1.58114
24999
10;
.OOO..@@.--@....OO:
0.499999
1.73205
24999
10;
.OOO..@@.--@....O-....O:
0.341462
2.18643
11659
9;
.OOO..@@.--@....O-....O-.-.@:
0.341462
2.18643
11659
10;
.OOO..@@.--@....O-....O-.-.@....@:
0.349999
2.21359
12249
11;
.OOO..@O.@:
0.0332227
1.73878
110
6;
.OOO..@O.@@:
0.0649595
1.46414
421
7;
.OOO..@O.@@O:
0.12558
1.84138
1577
8;
.OOO..@O..-@.....@:
0.466666
1.80739
21777
8;
.OOO..@O..-@.....@-:
0.466666
1.80739
21777
9;
.OOO..@..@:
0.0181942
1.496
33
5;
.OOO..@..@@O....@:
0.416666
2.04124
17361
8;
.OOO..@..@@O....@O:
0.391303
1.87663
15311
9;
.OOO..@..@@O....@OO:
0.391303
1.87663
15311
10;
.OOO..@..@@O....@OOO:
0.363635
1.7056
13223
11;
.OOO..@..@@O....@OOO..@:
0.363635
1.7056
13223
12;
.OOO..@..@@O....@OOO..@O:
0.363635
1.7056
13223
13;
.OOO..@..@O@....@O.O...O:
0.499999
1.58114
24999
11;
.OOO..@..@-:
0.0871637
2.81638
759
6;
.OOO..@..@-@:
0.0925497
1.94797
856
7;
.OOO..@..@-@....@:
0.19178
1.63858
3677
8;
.OOO..@..@-@....O:
0.396551
3.02005
15725
8;
.OOO..@..@-@....OO:
0.387754
2.71428
15035
9;
.OOO..@..@-@....OO@:
0.386363
2.56285
14927
10;
.OOO..@..@-@....OO@O:
0.386363
2.56285
14927
11;
.OOO..@..@-@....OO@O...O:
0.384614
1.96116
14792
12;
.OOO..@..@-O:
0.0976242
1.90056
953
7;
.OOO..@..@-O......O:
0.416666
1.44337
17361
8;
.OOO..@..@-O......O...@:
0.454544
1.50756
20661
9;
.OOO..@..@-O......O...@@:
0.454544
1.50756
20661
10;
.OOO..@..@-O......O...@@.-:
0.454544
1.50756
20661
11;
.OOO..O@.@@:
0.0862058
1.9696
743
7;
.OOO..O@.@@O:
0.167363
2.58738
2801
8;
.OOO..O@.O@@....O:
0.439999
2.2
19359
9;
.OOO..O@.-.@....@:
0.249999
1.80277
6249
8;
.OOO..O..-.O....@:
0.40909
1.91881
16735
7;
.OOO..O..-.O....@.@:
0.449999
2.01246
20249
8;
.OOO..O..-.O....@.@O:
0.449999
2.01246
20249
9;
.OOO..O..-.O....@.@O..@:
0.449999
2.01246
20249
10;
.OOO...@.@@O....O@:
0.416666
1.44337
17361
9;
.OOO...@.O@@....O:
0.304347
1.4596
9262
8;
.OOO...@.O@@....O@:
0.42857
1.60357
18367
9;
.OOO...@.O@@....O@O:
0.42857
1.60357
18367
10;
.OOO...@.O@@....O@O...O:
0.499999
1.58114
24999
11;
.OOO...@.O@@....O@O...O..O:
0.499999
1.58114
24999
12;
.OOO...@.O@O....O:
0.272726
1.5667
7437
8;
.OOO...@.O@O....O@O:
0.461537
1.6641
21301
10;
.OOO...@.-:
0.0247697
1.77367
61
5;
.OOO...@.-@:
0.0951912
3.06986
906
6;
.OOO...@.-@@:
0.11439
1.88311
1308
7;
.OOO...@.-@@....O@:
0.241378
1.83829
5826
9;
.OOO...@.-@@....O@O:
0.241378
1.83829
5826
10;
.OOO...@.-@O:
0.109277
2.40661
1194
7;
.OOO...@.-@O....O:
0.0879468
1.54097
773
8;
.OOO...@.-@O....O..@:
0.449999
2.01246
20249
9;
.OOO...@.-@O....O..@..O:
0.444443
1.88562
19752
10;
.OOO...@.-@O.......O:
0.454544
2.13201
20661
8;
.OOO...@.-@O.......O..@:
0.454544
2.13201
20661
9;
.OOO...@.-@O.......O..@@:
0.454544
2.13201
20661
10;
.OOO...@.-@O.......O..@@.-:
0.454544
2.13201
20661
11;
.OOO...@.-.O....O..O:
0.461537
1.6641
21301
8;
.OOO...@.-.O....O..O..O:
0.461537
1.6641
21301
9;
.OOO...@.-.O....O..O..O@:
0.461537
1.6641
21301
10;
.OOO...@.-.O....O..O..O@.-:
0.461537
1.6641
21301
11;
.OOO...@.-.O....O..O..O@.-.@:
0.461537
1.6641
21301
12;
.OOO.....@-.....OO.O:
0.374999
1.5
14062
8;
.OO.@:
0.0130232
6.02593
16
3;
.OO.@@:
0.0155807
3.56796
24
4;
.OO.@....@:
0.0883453
5.1824
780
4;
.OO..@:
0.0138908
4.35458
19
3;
.OO...@:
0.0165561
4.56388
27
3;
.OO...@..@:
0.0655073
3.88161
429
4;
.O.@:
0.0201089
20.8127
40
2;
.O.@@:
0.0627582
16.9336
393
3;
.O.@@.@:
0.0428437
6.35968
183
4;
.O.@@.@.@:
0.0363064
1.8474
131
5;
.O.@@.O:
0.119442
10.8081
1426
4;
.O.@@.O.@:
0.117707
3.64706
1385
5;
.O.@..@:
0.017849
7.59315
31
3;
.O.@..@O.@:
0.152386
5.95871
2322
5;
.O.@..@..@:
0.0118775
1.94661
14
4;
.O.@..@..@.O:
0.0326235
1.70399
106
5;
.O.@..@..O:
0.020467
3.56234
41
4;
.O.@..@....O:
0.0340288
1.96962
115
4;
.O.@..O:
0.0254487
10.7585
64
3;
.O.@..O..@:
0.0256475
2.5774
65
4;
.O.@..O..O:
0.0114199
1.49997
13
4;
.O.@.....-:
0.155737
2.4327
2425
3;
.O.O..@:
0.0261418
12.8336
68
3;
.O.O..@..@:
0.051456
6.79389
264
4;
.O.O..@..@.O:
0.0365773
2.6501
133
5;
.O.O..@..@.O....O:
0.0877732
1.5677
770
6;
.O.O..@..@......@:
0.104602
1.61711
1094
5;
.O.O..@..@......@.O:
0.120689
1.592
1456
6;
.O.O..@..@.-:
0.0804083
2.10298
646
5;
.O.O..@..@.-....O:
0.14074
1.63526
1980
6;
.O.O..@..@.-....O.....O:
0.416666
1.44337
17361
7;
.O.O..@..@.-....O........@:
0.454544
2.13201
20661
7;
.O.O..@..@.-....O........@.-:
0.454544
2.13201
20661
8;
.O.O..@..@.-....O........@.-....O:
0.454544
2.13201
20661
9;
.O.O..@..O:
0.0273061
4.99588
74
4;
.O.O..@..O.@:
0.0378646
2.73814
143
5;
.O.O..@..O.@....@:
0.0421711
1.75458
177
6;
.O.O..@....@:
0.0698531
5.36469
487
4;
.O.O..@....@@:
0.0975599
1.65279
951
5;
.O.O..@....@....O:
0.0654439
1.80894
428
5;
.O.O..@....@....O.@:
0.118986
2.36483
1415
6;
.O.O..@..-:
0.0530867
2.28092
281
4;
.O.O..@..-.@:
0.0883523
2.41481
780
5;
.O.O..@..-.@....O:
0.416666
2.5
17361
6;
.O.O..@..-.@....O.@:
0.468749
2.65165
21972
7;
.O.O..@..-.@....O.@...@:
0.451612
2.51447
20395
8;
.O.O..@..-.@....O.@...@..-:
0.451612
2.51447
20395
9;
.O.O..@..-.@......O:
0.42857
2.53546
18367
6;
.O.O..@..-.@......O...O:
0.416666
2.04124
17361
7;
.O.O..@..-.@......O...O..-:
0.416666
2.04124
17361
8;
.O.O..@..-.@......O...O..-.@:
0.444443
1.88562
19752
9;
.O.O..@..-.@......O......-:
0.454544
1.50756
20661
7;
.O.O..@..-.@......O......-.@:
0.454544
1.50756
20661
8;
.O.O..@..-.@......O......-.@....O:
0.454544
1.50756
20661
9;
.O.O...@.-:
0.140495
1.54545
1973
4;
.O.O.....O......O........@:
0.454544
1.50756
20661
5;
.O.O.....O......O........@.O:
0.454544
1.50756
20661
6;
.O.O.....O......O........@.O....O:
0.454544
1.50756
20661
7;
.O.O.......O......O......O.@:
0.454544
1.50756
20661
6;
.O.O.......O......O......O.@....O:
0.454544
1.50756
20661
7;
.O.O.......-......O:
0.499999
2
24999
4;
.O..@:
0.0428147
27.0131
183
2;
.O..@.....-:
0.136242
6.99365
1856
3;
.O....@:
0.054418
24.532
296
2;
.O.-:
0.01196
6.66598
14
2;
.O.-@:
0.0577675
12.5098
333
3;
.O-@:
0.0206542
7.78212
42
3;
.O-.@:
0.0252669
11.248
63
3;
..@@.O:
0.0271054
6.79828
73
3;
..@@.O.O-:
0.0668047
2.06775
446
5;
..@@..O:
0.0322731
6.29289
104
3;
..@O:
0.0204236
21.1881
41
2;
..@O.O:
0.0632807
12.5502
400
3;
..@O..@:
0.0908464
15.2085
825
3;
..@O..@....O:
0.307603
9.06257
9461
4;
..@O...@..@:
0.0131293
1.62456
17
4;
..@O...O..@:
0.0424748
6.45843
180
4;
..@..O:
0.0437628
21.879
191
2;
..@..O..O:
0.0262036
4.07278
68
3;
..@..O....@:
0.0529933
7.99776
280
3;
..@....O..@:
0.0488272
7.56161
238
3;
..@-.O:
0.0196795
2.54458
38
3;
..O@:
0.0196877
20.4454
38
2;
..O@.@:
0.0775054
15.7954
600
3;
..O@.@.@@:
0.0358841
1.79713
128
5;
..O@.@.O@:
0.117356
3.73704
1377
5;
..O@.@.O..@:
0.0642367
2.07459
412
5;
..O@..O:
0.0818163
12.6666
669
3;
..O@..O@.O:
0.0722881
1.6132
522
5;
..O@...@O:
0.0134494
1.43455
18
4;
..O@...@..@:
0.0135974
1.90903
18
4;
..O@...@..O:
0.0204283
3.10526
41
4;
..O@...@...O:
0.0320894
1.83562
102
4;
..O@...@-:
0.0256688
2.65208
65
4;
..O@...@-.O:
0.0279628
1.63845
78
5;
..O@...O..@:
0.0228728
2.11197
52
4;
..O@......-:
0.204999
2.89914
4202
3;
..OO.@:
0.019047
4.66604
36
3;
..OO..@:
0.0203855
4.01569
41
3;
..OO...@..@:
0.0548663
6.42768
301
4;
..OO...@..@O:
0.0380996
2.75355
145
5;
..OO...@..@-:
0.101835
2.49239
1037
5;
..OO...@..@-.....O........@:
0.454544
1.50756
20661
7;
..OO...@..@-.....O........@-:
0.454544
1.50756
20661
8;
..OO...@..@-.....O........@-.....O:
0.454544
1.50756
20661
9;
..OO...@..O:
0.0308481
4.84204
95
4;
..OO...@..O@:
0.038927
2.89302
151
5;
..OO...@..-:
0.0673458
2.58212
453
4;
..OO...@..-@:
0.0832185
2.25309
692
5;
..OO...@..-@.....O:
0.388888
2.33333
15123
6;
..OO...@..-@.....O.@:
0.451612
2.51447
20395
7;
..OO...@..-@.....O.@...@:
0.451612
2.51447
20395
8;
..OO...@..-@.....O.@...@..-:
0.451612
2.51447
20395
9;
..OO...@..-@.......O:
0.434782
2.08514
18903
6;
..OO...@..-@.......O......-:
0.454544
1.50756
20661
7;
..OO...@..-@.......O......-@:
0.454544
1.50756
20661
8;
..OO...@..-@.......O......-@.....O:
0.454544
1.50756
20661
9;
..OO......O......O........@:
0.454544
1.50756
20661
5;
..OO......O......O........@O:
0.454544
1.50756
20661
6;
..OO......O......O........@O.....O:
0.454544
1.50756
20661
7;
..OO.......O.......O......O@:
0.454544
1.50756
20661
6;
..OO.......O.......O......O@.....O:
0.454544
1.50756
20661
7;
..OO.......-.......O:
0.499999
2
24999
4;
..O..@:
0.0535374
26.3473
286
2;
..O..@...-:
0.0891017
7.15157
793
3;
..O..@...-@:
0.0458602
1.93923
210
4;
..O...@:
0.0106656
5.06072
11
2;
..O....@..O:
0.0589932
9.66985
348
3;
..O....@..O@:
0.0579576
3.44696
335
4;
..O....@..O@.....@:
0.118764
2.43685
1410
5;
..O....@..O@.....@.....@:
0.666666
1.63299
44444
6;
..O....@..O@.....O:
0.0527016
1.43367
277
5;
..O....@...@:
0.0437049
3.57242
191
3;
..O........@:
0.0188057
4.58951
35
2;
..O-:
0.0121594
6.70139
14
2;
..O-.@:
0.085805
12.0171
736
3;
...@..O:
0.0457603
20.7876
209
2;
...@..O.O:
0.0263197
2.69039
69
3;
...@...O..O:
0.0269762
3.20598
72
3;
...@...O...@:
0.0568078
7.44999
322
3;
...@...O...@.@:
0.0650396
1.7669
423
4;
...O@.@:
0.0307839
6.45861
94
3;
...O.@:
0.0106978
5.85027
11
2;
...O...@..@:
0.0444583
5.14328
197
3;
...O...@..@O:
0.0665014
3.79006
442
4;
...O...@..@O.......@:
0.160255
2.0016
2568
5;
...O......@:
0.0163847
4.48938
26
2;
...-..@:
0.0528704
1.75115
279
2;
..-O:
0.0114666
6.34532
13
2;
..-..@:
0.0521934
2.14316
272
2;
.-@O:
0.0269288
9.78172
72
3;
.-@.-O:
0.0132908
5.80817
17
3;
.-O@:
0.0206396
7.75943
42
3;
.-O.-@:
0.0242554
10.7
58
3;
.-.O:
0.0119257
6.65104
14
2;
.-..@:
0.021461
1.4354
46
2;
-@.O:
0.0215428
8.00313
46
3;
-@..O:
0.0580389
3.25903
336
3;
-O:
0.0113429
11.7782
12
2;
-O.@:
0.0267534
9.74569
71
3;
-O.@@:
0.0571418
1.51186
326
4;
-.@O:
0.0212146
7.86003
45
3;
-.O:
0.0127232
10.5884
16
2;
-.O@:
0.0265304
9.88242
70
3;
-...@:
0.0254414
1.52994
64
2;
