@@@.@O..@-O:
0.165288
1.81818
8;
@@@.@O..@-O.O:
0.199999
1.54919
9;
@@@.@O..@-O.OO:
0.312499
1.76777
10;
@@@.@O..@-O.OOO:
0.499999
1.87083
11;
@@@.@O...@O..@@:
0.391303
1.87663
9;
@@@.O@..@O-:
0.156715
1.81412
8;
@@@.O@..@O-.O:
0.233332
1.80739
9;
@@@.O@..@O-.OO:
0.222221
1.49071
10;
@@@.O@...O@.@..@:
0.42857
1.96396
9;
@@@.OO:
0.0256691
4.88339
5;
@@@.OO..@:
0.0293486
1.80494
6;
@@@.OO..@O:
0.0745804
1.91167
7;
@@@.OO..@O-:
0.238937
2.53995
8;
@@@.OO..@O-.@:
0.459458
2.79478
9;
@@@.OO..@-:
0.095056
1.54157
7;
@@@.OO..@-O:
0.403508
3.04642
8;
@@@.OO..@-O.@:
0.562499
2.25
9;
@@@.OO..@-O.O:
0.461537
1.6641
9;
@@@.OO..O:
0.0943532
4.79817
6;
@@@.OO..O@:
0.107764
2.70704
7;
@@@.OO..O-:
0.0912941
2.80203
7;
@@@.OO..O--:
0.0965137
2.63611
8;
@@@.OO..O--.@:
0.12857
2.15141
8;
@@@.OO..O--.@..O:
0.299999
1.64317
9;
@@@.OO..O--.@..O....@:
0.299999
1.64317
11;
@@@.OO..O--.@..O....@...O:
0.42857
1.96396
12;
@@@.OO..O--.@..O....@...O--.O:
0.42857
1.96396
13;
@@@.OO..O--.@..-....@:
0.421052
1.83532
9;
@@@.OO..O--.@..-....@-..O:
0.421052
1.83532
10;
@@@.OO..O--.@..-....@-..O-..O:
0.444443
1.88562
11;
@@@.OO..O--.@..-....@-..O-..O.......@:
0.444443
1.88562
12;
@@@.OO..O--.@..-....@-..O-..O.......@-......O:
0.444443
1.88562
13;
@@@.OO..O--.@..-....@-..O-..O.......@-......O-..@:
0.444443
1.88562
14;
@@@.OO..O--.@..-....@-..O-..O.......@-......O-..@...........@:
0.444443
1.88562
15;
@@@.OO..O--..@:
0.194443
2.02072
8;
@@@.OO..O--..@O:
0.384614
2.40192
9;
@@@.OO..O--..@O......@:
0.42857
1.96396
11;
@@@.OO..O--..@O......@..O:
0.42857
1.96396
12;
@@@.OO..O--..@O......@..O--..O:
0.42857
1.96396
13;
@@@.O...@O-:
0.16842
2.84327
7;
@@@.O...@O-.O:
0.205404
2.79381
8;
@@@.O...@O-.O@:
0.215908
2.02541
9;
@@@.O...@O-.O.@:
0.295081
2.30466
9;
@@@.O...@O-.O.@@:
0.319148
2.18797
10;
@@@.O...@O-.O.@@.....@:
0.499999
2.54951
11;
@@@.O...@O-.O.@@.....@..O:
0.499999
2.54951
12;
@@@.O...@O-.O.@@.....@..O-:
0.499999
2.54951
13;
@@@.O...@O-.O.@@.....@..O--.O:
0.499999
2.54951
14;
@@@.O...@O-.O.@@.....@..O--.O@:
0.499999
2.54951
15;
@@@.O...OO-:
0.0873006
2.19125
7;
@@@.O...OO-.O:
0.0877588
1.82616
8;
@@@.O...OO-.O@.......@:
0.499999
1.58114
10;
@@@.O...OO-.O@.......@..O:
0.499999
1.58114
11;
@@@.O...OO-.O@.......@..O-:
0.499999
1.58114
12;
@@@.O...OO-..@:
0.173332
1.50111
8;
@@@.O...OO-..@.@:
0.359999
1.8
9;
@@@.O...OO-..@.@....O:
0.318181
1.4924
10;
@@@.O...OO-..@.@....O@:
0.499999
1.58114
11;
@@@.O...OO-..@.@....O@..O:
0.499999
1.58114
12;
@@@.O...OO-..@.@....O@..O@:
0.499999
1.58114
13;
@@@.O...OO-..@.@....O@..O@-..@:
0.499999
1.58114
14;
@@@.O...OO-..@.@....O@..O@-..@.-......O:
0.499999
1.58114
15;
@@@..O..@-:
0.0415325
1.64307
6;
@@@..O..@-O:
0.170587
3.14549
7;
@@@..O..@-O.@:
0.149122
2.2517
8;
@@@..O..@-O.@O:
0.260416
2.55155
9;
@@@..O..@-O.@O@:
0.246153
1.98455
10;
@@@..O..@-O.@O@.....O:
0.388888
1.64991
11;
@@@..O..@-O.@O@.....OO:
0.388888
1.64991
12;
@@@..O..@-O.@O@.....OO..O:
0.388888
1.64991
13;
@@@..O..@-O..O:
0.261537
2.10859
8;
@@@..O..@-O..O@:
0.270832
1.87639
9;
@@@..O..@-O..O@@:
0.499999
2.54951
10;
@@@..O..@-O..O@@....@:
0.499999
2.54951
11;
@@@..O..@-O..O@@....@...O:
0.499999
2.54951
12;
@@@..O..@-O..O@@....@...O-:
0.499999
2.54951
13;
@@@..O..@-O..O@@....@...O--.@:
0.499999
2.54951
14;
@@@..O..@-O..O@@....@...O--.@O:
0.499999
2.54951
15;
@@@..O..O-O:
0.090565
2.08499
7;
@@@..O..O-O.@:
0.0890259
1.95657
8;
@@@..O..O-O.@O@.....@:
0.437499
1.75
11;
@@@..O..O-O.@O......@:
0.499999
1.58114
10;
@@@..O..O-O.@O......@...O:
0.499999
1.58114
11;
@@@..O..O-O.@.@:
0.468749
2.65165
9;
@@@..O..O-O.@.@.....@:
0.538461
1.94145
10;
@@@..O..O-O.@.@.....@O:
0.499999
1.58114
11;
@@@..O..O-O.@.@.....@O..O:
0.499999
1.58114
12;
@@@..O..O-O.@.@.....@O..O-@:
0.499999
1.58114
13;
@@@..O..O-O.@.@.....@O..O-@.@:
0.499999
1.58114
14;
@@@..O..O-O.@.@.....@O..O-@.@.-.......-O:
0.499999
1.58114
15;
@@O:
0.0109633
11.1913
3;
@@O.O:
0.0425182
9.69588
4;
@@O.O@:
0.0233487
3.07516
5;
@@O.OO:
0.0407039
4.89645
5;
@@O.OO..@:
0.0927825
2.88972
6;
@@O.OO..O:
0.0458292
1.67202
6;
@@O.OO..O.O.O:
0.312499
1.76777
8;
@@O.OO..O-:
0.999999
1.73205
7;
@@O.O...@:
0.0829136
3.69877
5;
@@O.O...@O:
0.0953196
2.28968
6;
@@O.O...O:
0.0427754
1.50571
5;
@@O.O....@:
0.062499
1.73205
5;
@@O.O....O:
0.102338
2.67652
5;
@@O.O....-:
0.636363
4.22116
5;
@@O..O:
0.0103163
3.34116
4;
@@.@@.O.@..O@...@:
0.40909
1.91881
9;
@@.@@.O.-:
0.0217381
1.46703
6;
@@.@@.O.-@.OO:
0.382352
2.22948
9;
@@.@@.O.-@.OO.O:
0.499999
1.87083
10;
@@.@@.O.-@.OO.O.O:
0.499999
1.87083
11;
@@.@@.O.-O.O:
0.0647699
1.6296
8;
@@.@@.O.-O.O@:
0.0754707
1.45369
9;
@@.@@.O.-O.O@.@:
0.105262
1.52177
10;
@@.@@...-...@:
0.333332
1.63299
6;
@@.@O.@.O@.-:
0.149532
1.54678
8;
@@.@O.@.OO.-..O.@:
0.203124
1.625
10;
@@.@O.@.OO.-..O.@.@:
0.243901
1.56174
11;
@@.@O.@.OO.-..O.@.@.O:
0.249999
1.58114
12;
@@.@O.@.OO.-..O.@.@.O.O:
0.299999
1.64317
13;
@@.@O.@.O..@..@:
0.40909
1.91881
8;
@@.@O.@.O..@..@...@:
0.449999
2.01246
9;
@@.@O.O:
0.0317775
4.154
5;
@@.@O.O.@:
0.0277192
1.72222
6;
@@.@O.O.@O:
0.0974016
2.70281
7;
@@.@O.O.O:
0.0487246
1.77965
6;
@@.@O.O.O@:
0.0872083
1.98101
7;
@@.@O.O.O@.-:
0.348314
3.28599
8;
@@.@O.O.-:
0.116968
4.07548
6;
@@.@O.O.-@:
0.112902
2.1776
7;
@@.@O.O.-@.O:
0.330356
3.49617
8;
@@.@O.O.-@.OO:
0.279999
2.42487
9;
@@.@O.O.-O:
0.122046
3.36903
7;
@@.@O.O.-O.@:
0.362068
2.75743
8;
@@.@O.O.-O.-:
0.0965299
2.48555
8;
@@.@O.O.-O.-O:
0.10204
1.74963
8;
@@.@O.O.-O.-O...@:
0.384614
2.40192
9;
@@.@O.O.-O.-O...@.....@:
0.42857
1.96396
11;
@@.@O.O.-O.-O...@.....@.-O:
0.42857
1.96396
12;
@@.@O.O.-O.-O...@.....@.-O.-....O:
0.42857
1.96396
13;
@@.@O.O.-O.-..@:
0.256409
1.60128
8;
@@.@O.O.-O.-..@...O:
0.40909
1.91881
9;
@@.@O.O.-O.-..@...O.@:
0.40909
1.91881
11;
@@.@O.O.-O.-..@...O.@...-O:
0.42857
1.96396
12;
@@.@O...O@.-:
0.168733
3.38732
7;
@@.@O...O@.-@:
0.304877
2.76079
8;
@@.@O...O@.-@.O:
0.303796
2.70021
9;
@@.@O...O@.-@.O...@:
0.319148
2.18797
10;
@@.@O...O@.-@.O...@...@:
0.499999
2.54951
11;
@@.@O...O@.-@.O...@...@.-:
0.499999
2.54951
12;
@@.@O...O@.-@.O...@...@.-O:
0.499999
2.54951
13;
@@.@O...O@.-@.O...@...@.-O.-..O:
0.499999
2.54951
14;
@@.@O...O@.-@.O...@...@.-O.-..O.@:
0.499999
2.54951
15;
@@.@O...O@.-..O:
0.157894
1.53897
8;
@@.@O...O@.-..O.@:
0.233332
1.80739
9;
@@.@O...O@.-..O.@.@.O:
0.380951
1.74574
11;
@@.@O...O@.-..O.@.@.O.O:
0.380951
1.74574
12;
@@.@O...O@.-..O.@.@.O.O.-:
0.36842
1.60591
13;
@@.@O...O@.-..O.@.@.O.O.-O:
0.36842
1.60591
14;
@@.@O...OO.-:
0.0727641
1.59586
7;
@@.@O...OO.-..O.@.....@:
0.499999
1.58114
10;
@@.@O...OO.-..O.@.....@.-:
0.499999
1.58114
11;
@@.@O...OO.-..O.@.....@.-O:
0.499999
1.58114
12;
@@.@O...OO.-....@.@:
0.304347
1.4596
9;
@@.@O...OO.-....@.@.O:
0.304347
1.4596
10;
@@.@O...OO.-....@.@.O.@:
0.454544
1.50756
11;
@@.@O...OO.-....@.@.O.@.@:
0.499999
1.58114
12;
@@.@O...OO.-....@.@.O.@.@O:
0.499999
1.58114
13;
@@.@O...OO.-....@.@.O.@.@O.-....@:
0.499999
1.58114
14;
@@.@O...OO.-....@.@.O.@.@O.-....@.-.O:
0.499999
1.58114
15;
@@.@..O.O@.O@...O:
0.42857
1.60357
9;
@@.@..O.-:
0.0216753
1.61281
5;
@@.@..O.-@.O:
0.146551
2.73389
7;
@@.@..O.-@.O@:
0.110168
1.69245
8;
@@.@..O.-@.O@...O:
0.178946
1.74416
9;
@@.@..O.-@.O@...O.@:
0.249999
2.06155
10;
@@.@..O.-@.O@...O.@.@:
0.249999
2.06155
11;
@@.@..O.-@.O@...O.@.@...-:
0.499999
2.54951
12;
@@.@..O.-@.O@...O.@.@...-O:
0.499999
2.54951
13;
@@.@..O.-@.O@...O.@.@...-O.-..@:
0.499999
2.54951
14;
@@.@..O.-@.O@...O.@.@...-O.-..@.O:
0.499999
2.54951
15;
@@.@..O.-O.O:
0.103274
2.05773
7;
@@.@..O.-O.O@:
0.118181
1.75292
8;
@@.@..O.-O.O@.@:
0.26804
2.6399
9;
@@.@..O.-O.O@.@.O:
0.257142
2.15141
10;
@@.@..O.-O.O@.@.....@:
0.454544
1.50756
10;
@@.@..O.-O.O@.@.....@.O:
0.454544
1.50756
11;
@@.@..O.-O.O@.@.....@.O.-O:
0.499999
1.58114
12;
@@.@..O.-O.O@.@.....@.O.-O.@:
0.499999
1.58114
13;
@@.@..O.-O.O@.@.....@.O.-O.@-.@:
0.499999
1.58114
14;
@@.@..O.-O.O@.@.....@.O.-O.@-.@.....-.....O:
0.499999
1.58114
15;
@@.@..O.-O.O..@:
0.444443
1.88562
8;
@@.@..O.-O.O..@.O:
0.466666
1.80739
9;
@@.@..O.-O.O..@.O...@:
0.499999
1.58114
10;
@@.O:
0.0105826
7.13197
3;
@@.OO:
0.0423027
9.74318
4;
@@.OO.@:
0.0257199
2.39494
5;
@@.OO.@.O:
0.0586456
1.51235
6;
@@.OO.O:
0.0507283
3.98476
5;
@@.OO.O..O:
0.0662011
1.58609
6;
@@.OO.O..O.O@:
0.857142
2.26779
8;
@@.OO.O..O.O@.O:
0.799999
1.78885
9;
@@.OO.O.-:
0.649999
2.90689
6;
@@.OO.O.-@:
0.615384
2.2188
7;
@@.OO.O.-O:
0.749999
1.5
7;
@@.OO...@:
0.0470052
1.98709
5;
@@.OO...O:
0.0850257
3.67685
5;
@@.OO...O@:
0.0819155
2.08364
6;
@@.OO....@:
0.0951873
2.94315
5;
@@.OO...-:
0.438775
4.34365
5;
@@.O..O.-:
0.0385611
1.50836
5;
@@..O:
0.0180549
13.7671
3;
@@..O.O:
0.0635755
6.46295
4;
@@..O.O..O:
0.047011
1.66544
5;
@@..O...@:
0.0258514
5.77939
4;
@@..O...@@:
0.016671
2.28072
5;
@@..O...@@..O:
0.0208895
1.43811
6;
@@..O...@O:
0.0345882
3.63022
5;
@@..O...@O..O:
0.0400955
2.30929
6;
@@..O...O:
0.0500556
8.41606
4;
@@..O...O@:
0.0312925
3.45747
5;
@@..O...O...O:
0.0553723
2.73411
5;
@@..O...O...O.@:
0.0557813
1.51231
6;
@@..O...O...O.@.....@:
0.238094
1.54303
7;
@@..O...O-:
0.107537
3.39213
5;
@@..O...O-..O.@.....O:
0.388888
1.64991
8;
@@..O...O-..O.@.....O...-:
0.388888
1.64991
9;
@@..O....O:
0.0686437
7.498
4;
@@..O....O..@:
0.0406133
2.19843
5;
@@..O....O..@.O:
0.0507376
2.00209
6;
@@..O...-:
0.0605
3.08199
4;
@@..O...-O:
0.105811
2.74092
5;
@@..O...-...@:
0.280701
2.11925
5;
@@..O...-...@...........-:
0.499999
2
6;
@@..O...-...@...........-...@:
0.499999
2
7;
@@.-O:
0.0138246
4.55243
4;
@@-.O:
0.0135174
4.51355
4;
@O:
0.0178636
36.92
2;
@O@:
0.0110611
11.2706
3;
@O@.@O:
0.0220322
2.96501
5;
@O@.O:
0.0117614
4.64205
4;
@O@.OO:
0.0438802
5.15675
5;
@O@.OO..@:
0.0935604
2.94978
6;
@O@.OO..O:
0.0487606
1.75271
6;
@O@.O...O:
0.014821
1.50098
5;
@O@..O:
0.0576996
8.3211
4;
@O@..O..@:
0.0739569
3.49329
5;
@O@..O...O:
0.109999
1.90525
5;
@OO:
0.0220321
20.2493
3;
@OO.@:
0.0129051
5.9694
4;
@OO.@@..O:
0.0347092
1.86307
6;
@OO.@O:
0.016624
4.19396
5;
@OO.@O..@:
0.0420686
1.91313
6;
@OO.@O..O:
0.033041
2.26307
6;
@OO.@O...-:
0.448275
2.41404
6;
@OO.@O...-@:
0.666666
1.63299
7;
@OO.@....O:
0.0190715
1.66871
5;
@OO.O:
0.0166728
6.58169
4;
@OO.O@:
0.0163902
4.16829
5;
@OO.O@..@:
0.0407675
1.88331
6;
@OO.O@..O:
0.0305287
2.14709
6;
@OO.O@...@:
0.0679815
1.45171
6;
@OO.O@...@-:
0.999999
1.73205
7;
@OO.O@....-:
0.499999
2.12132
6;
@OO.OO:
0.0214104
4.45275
5;
@OO.OO..@:
0.0417984
2.09498
6;
@OO.OO..@@:
0.095999
1.51789
7;
@OO.O...@:
0.0285331
1.93338
5;
@OO.O...@@:
0.0741678
1.46659
6;
@OO..@:
0.0153987
3.67918
4;
@OO..O:
0.0134883
2.90126
4;
@OO..O..@:
0.0286573
1.94496
5;
@OO.....@:
0.0787972
4.68037
4;
@OO.....@O:
0.0643975
1.84746
5;
@OO......-:
0.181158
2.12814
4;
@O.@:
0.0213917
15.4444
3;
@O.@@:
0.018794
7.48518
4;
@O.@@.O:
0.0283542
4.84542
5;
@O.@@.O.@:
0.028745
1.51647
6;
@O.@@.O.O:
0.0794931
2.6449
6;
@O.@@...O:
0.0536095
2.29212
5;
@O.@@...OO:
0.0597474
1.5068
6;
@O.@O:
0.0207731
9.59643
4;
@O.@O.@:
0.0313787
4.6968
5;
@O.@O.@.@:
0.031664
2.62131
6;
@O.@O.@..@:
0.0521008
2.14125
6;
@O.@O.O:
0.0243588
4.67708
5;
@O.@O.O.@:
0.0264401
2.68179
6;
@O.@O...@:
0.0242568
2.59218
5;
@O.@O...O:
0.0480563
2.12541
5;
@O.@..@:
0.0258093
4.21396
4;
@O.@..O:
0.0291344
5.10933
4;
@O.@..O.@:
0.0226926
1.44493
5;
@O.O:
0.0104299
7.00402
3;
@O.O@.@:
0.0398414
3.29802
5;
@O.OO.@:
0.0545563
4.78116
5;
@O.OO.@.@:
0.115853
2.56976
6;
@O.OO.@.@@:
0.252524
2.51259
7;
@O.OO.@.O:
0.0547254
2.05278
6;
@O.OO.@.O@:
0.0748398
1.8755
7;
@O.O..@:
0.0847523
8.97305
4;
@O.O..@.@:
0.0837311
2.421
5;
@O..@:
0.0183741
11.8802
3;
@O..@.@:
0.0397741
5.83502
4;
@O..@.@.@:
0.0218953
1.50177
5;
@O..@...@:
0.0126333
2.03258
4;
@O..@...O:
0.0249077
3.08466
4;
@O..@...OO:
0.0363834
2.40523
5;
@O..@...OO..@:
0.0559762
1.81732
6;
@O..@....O:
0.0400665
7.43054
4;
@O..@....O....@:
0.0384562
3.62662
5;
@O..@....-:
0.0717479
1.51524
4;
@O..O:
0.0159398
10.0301
3;
@O..O.@:
0.104714
9.78847
4;
@O..O.@.@:
0.0962503
4.27642
5;
@O..O...@:
0.0239355
4.71561
4;
@O..O...@@:
0.0360225
2.1557
5;
@O..O...O:
0.0139852
2.55569
4;
@O.-:
0.0221225
8.0085
3;
@O.-@:
0.0378885
6.61245
4;
@O.-O:
0.0149293
4.0378
4;
@O.-O.@:
0.207316
1.87733
5;
@O-:
0.0265567
11.9377
3;
@O-.@:
0.0185822
5.14598
4;
@O-.@O:
0.120689
1.592
5;
@O-.O:
0.038938
6.74971
4;
@.@@.@.O@..O.@:
0.399999
2.68328
8;
@.@@.@.O@..O.@...@:
0.449999
2.84605
9;
@.@@.@.O-:
0.0207276
1.43253
6;
@.@@.@.O-.OO:
0.0634048
1.4897
8;
@.@@.@.O-.OO.@.@.O...O:
0.299999
1.64317
12;
@.@@.@.O-.OO.@.@.O...O.O:
0.299999
1.64317
13;
@.@@.@.O-.OO.@.@.O...O.O-.@:
0.473683
2.06474
14;
@.@@.O.@O.O-:
0.0617876
1.53231
8;
@.@@.O.@O.O-...O.@:
0.191175
1.57648
10;
@.@@.O.@O.O-...O.@.@:
0.208332
1.44337
11;
@.@@.O.@O..@...@:
0.42857
1.96396
8;
@.@@.O.@O..@...@...@:
0.449999
2.01246
9;
@.@@.O.O:
0.0395133
3.89532
5;
@.@@.O.O@:
0.0258789
1.60872
6;
@.@@.O.O@.O:
0.0907288
2.04293
7;
@.@@.O.O@.O-.O:
0.229166
1.58771
9;
@.@@.O.OO:
0.0631491
2.31684
6;
@.@@.O.OO.@:
0.18475
3.41164
7;
@.@@.O.OO.@-:
0.283464
3.19448
8;
@.@@.O.OO.@-...O:
0.399999
1.78885
9;
@.@@.O.O-:
0.0760532
2.77155
6;
@.@@.O.O-.@:
0.0948266
1.76898
7;
@.@@.O.O-.@O:
0.270269
2.84747
8;
@.@@.O.O-.@O.O:
0.247422
2.43683
9;
@.@@.O.O-.O:
0.067601
1.89286
7;
@.@@.O.O-.O-:
0.064274
1.66248
8;
@.@@.O.O-.O-...@:
0.249999
1.87083
8;
@.@@.O.O-.O-...@...O:
0.346153
1.76504
9;
@.@@.O.O-.O-...@...O.@:
0.346153
1.76504
11;
@.@@.O.O-.O-...@...O.@..-.O:
0.42857
1.96396
12;
@.@@.O..O.@:
0.045567
1.82386
6;
@.@@.O..O.@-:
0.16492
3.22336
7;
@.@@.O..O.@-.@:
0.271604
2.44444
8;
@.@@.O..O.@-.@.O:
0.26923
2.37778
9;
@.@@.O..O.@-.@.O...@:
0.319148
2.18797
10;
@.@@.O..O.@-.@.O...@...@:
0.499999
2.54951
11;
@.@@.O..O.@-.@.O...@...@-:
0.499999
2.54951
12;
@.@@.O..O.@-.@.O...@...@-.O:
0.499999
2.54951
13;
@.@@.O..O.@-.@.O...@...@-.O-...O:
0.499999
2.54951
14;
@.@@.O..O.@-.@.O...@...@-.O-...O.@:
0.499999
2.54951
15;
@.@@.O..O.@-...O.@:
0.229166
1.58771
9;
@.@@.O..O.O-:
0.0845977
1.81641
7;
@.@@.O..O.O-.O:
0.382352
2.22948
8;
@.@@.O..O.O-.O.O:
0.523809
2.4004
9;
@.@@.O..O.O-.O.O.@:
0.499999
2.23607
10;
@.@@.O..O.O-...O:
0.238094
1.54303
8;
@.@@.O..O.O-...O.@:
0.238094
1.54303
9;
@.@@.O..O.O-...O.@.@:
0.236841
1.45999
10;
@.@@.O..O.O-.....@.@:
0.310344
1.67126
9;
@.@@.O..O.O-.....@.@.O:
0.310344
1.67126
10;
@.@@.O..O.O-.....@.@.O.@:
0.454544
1.50756
11;
@.@@.O..O.O-.....@.@.O.@@:
0.499999
1.58114
12;
@.@@.O..O.O-.....@.@.O.@@.O:
0.499999
1.58114
13;
@.@@.O..O.O-.....@.@.O.@@.O-.....@:
0.499999
1.58114
14;
@.@@.O..O.O-.....@.@.O.@@.O-.....@.-.O:
0.499999
1.58114
15;
@.@@...OO.@O.@:
0.421052
1.83532
8;
@.@@...OO.@O.@...O:
0.399999
1.54919
9;
@.@@...OO.@-...@:
0.499999
2.12132
8;
@.@@...OO.@-...@.@:
0.499999
2
9;
@.@@...O..@-.....@:
0.384614
1.96116
7;
@.@@...O..@-.....@.O:
0.384614
1.96116
8;
@.@@...O..@-.....@.O.@:
0.384614
1.96116
9;
@.@@...O..@-.....@.O.@.@:
0.384614
1.96116
10;
@.@@...O..@-.....@.O.@.@..@:
0.384614
1.96116
11;
@.@@...O..@-.....@.O.@.@..@O:
0.384614
1.96116
12;
@.@@...O..@-.....@.O.@.@..@O.........@:
0.384614
1.96116
13;
@.@@...O..@-.....@.O.@.@..@O.........@.@:
0.384614
1.96116
14;
@.@@...O..@-.....@.O.@.@..@O.........@.@.@:
0.384614
1.96116
15;
@.@@...O-:
0.0275253
2.04548
5;
@.@@...O-.@:
0.05104
1.96955
6;
@.@@...O-.@O:
0.194985
3.69446
7;
@.@@...O-.@O.@:
0.173912
2.88926
8;
@.@@...O-.@O.@.@:
0.114285
1.51186
9;
@.@@...O-.@O.@...O:
0.279999
2.8
9;
@.@@...O-.@O.@...O.@:
0.383561
3.27715
10;
@.@@...O-.@O.@...O.@.@:
0.383561
3.27715
11;
@.@@...O-.@O.@...O.@.@..-:
0.499999
3.60555
12;
@.@@...O-.@O.@...O.@.@..-.O:
0.499999
3.60555
13;
@.@@...O-.@O.@...O.@.@..-.O-...@:
0.499999
3.60555
14;
@.@@...O-.@O.@...O.@.@..-.O-...@.O:
0.499999
3.60555
15;
@.@@...O-.OO:
0.0909081
2.11058
7;
@.@@...O-.OO.@:
0.366336
3.68164
8;
@.@@...O-.OO.@.@:
0.366336
3.68164
9;
@.@@...O-.OO.@.@.O:
0.343283
2.8099
10;
@.@@...O-.OO.@.@.O...@:
0.448275
2.41404
11;
@.@@...O-.OO.@.@.O...@.O:
0.444443
1.88562
12;
@.@@...O-.OO.@.@.....@:
0.499999
2.23607
10;
@.@@...O-.OO.@.@.....@.O:
0.499999
2.23607
11;
@.@@...O-.OO.@.@.....@.O-.O:
0.499999
2.23607
12;
@.@@...O-.OO.@.@.....@.O-.O@:
0.499999
2.23607
13;
@.@@...O-.OO.@.@.....@.O-.O@.-.@:
0.499999
2.23607
14;
@.@@...O-.OO.@.@.....@.O-.O@.-.@.....-.....O:
0.499999
2.23607
15;
@.@@...O-.OO...@.O:
0.466666
1.80739
9;
@.@@...O-.OO...@.O...@:
0.545454
1.80907
10;
@.@O:
0.0106259
7.14652
3;
@.@O.O:
0.0550745
8.44202
4;
@.@O.O.@:
0.0325839
2.31169
5;
@.@O.O.@O:
0.0616428
1.48969
6;
@.@O.O.O:
0.0603259
3.49948
5;
@.@O.O.O..@:
0.139622
2.27289
6;
@.@O.O.O..O:
0.0984838
1.60019
6;
@.@O.O.O..OO.@.O:
0.749999
1.5
9;
@.@O.O.O-:
0.236841
1.45999
6;
@.@O.O.O-.@:
0.749999
1.5
7;
@.@O.O..@:
0.0489579
2.06384
5;
@.@O.O..O:
0.104206
4.09601
5;
@.@O.O....@:
0.0928186
2.21798
5;
@.@O.O..-:
0.39423
4.02038
5;
@.@O...O:
0.0107341
2.03825
4;
@.@O...O-:
0.0359568
1.44414
5;
@.@..O:
0.0248655
13.8768
3;
@.@..O.O:
0.0687673
5.82261
4;
@.@..O..@:
0.0257402
5.7513
4;
@.@..O..@.@:
0.0192922
2.06022
5;
@.@..O..@.O:
0.0343055
2.95773
5;
@.@..O..@.O..O:
0.039131
2.07473
6;
@.@..O..O:
0.0505851
8.39744
4;
@.@..O..O.@:
0.0310949
2.76579
5;
@.@..O..O....O:
0.058295
1.74109
5;
@.@..O..O.-:
0.103619
2.93266
5;
@.@..O..O.-..O:
0.18644
1.43208
6;
@.@..O..O.-..O.@:
0.18644
1.43208
7;
@.@..O..O.-..O.@.....O:
0.437499
1.75
8;
@.@..O..O.-..O.@.....O..-:
0.437499
1.75
9;
@.@..O....O:
0.0629499
6.33243
4;
@.@..O....O..@:
0.042702
1.97129
5;
@.@..O....O..@.O:
0.0611532
2.08373
6;
@.@..O....O..@.O.....@:
0.275861
1.48556
7;
@.@..O..-:
0.0612839
2.98099
4;
@.@..O..-.O:
0.0892552
2.19541
5;
@.@..O..-....@:
0.255318
1.75038
5;
@.@.....O.-....@:
0.444443
1.88562
5;
@.@-.O:
0.0212221
4.21219
4;
@.O:
0.0185933
27.4462
2;
@.O@:
0.021685
15.4765
3;
@.O@.@:
0.0242161
6.7779
4;
@.O@.@.O:
0.0372661
4.17624
5;
@.O@.@.O@:
0.0303469
1.57751
6;
@.O@.@.OO:
0.0738367
2.44558
6;
@.O@.@..O:
0.0567558
2.4412
5;
@.O@.O:
0.0286414
8.34958
4;
@.O@.O.@:
0.03625
4.11891
5;
@.O@.O.@@:
0.032434
2.55332
6;
@.O@.O.@..@:
0.0598616
1.91092
6;
@.O@.O.@.....@:
0.21739
1.47442
6;
@.O@.O.O:
0.0285078
3.80183
5;
@.O@.O.O@:
0.0285253
2.68648
6;
@.O@.O.OO.@O.@:
0.454544
1.50756
9;
@.O@.O..@:
0.0253624
2.60231
5;
@.O@.O..O:
0.04247
1.93325
5;
@.O@...@:
0.0321408
4.11176
4;
@.O@...O:
0.0362445
4.58502
4;
@.O@...O@:
0.0256542
1.54464
5;
@.O@...O-:
0.137096
1.52664
5;
@.OO:
0.0106011
7.11735
3;
@.OO.@.@:
0.0345946
2.26277
5;
@.OO.O.@:
0.0615585
3.72168
5;
@.OO.O.@@:
0.0846385
2.13788
6;
@.OO.O.@@.@:
0.264705
1.54349
7;
@.OO.O.@O:
0.0560811
1.99545
6;
@.OO.O.@-:
0.857142
2.26779
6;
@.OO...@:
0.0877875
6.25027
4;
@.OO...@@:
0.0966248
2.46727
5;
@.O..@:
0.0195643
10.4318
3;
@.O..@.@:
0.0419114
5.29126
4;
@.O..@..@:
0.0122227
1.95602
4;
@.O..@..O:
0.024585
3.08061
4;
@.O..@..O.O:
0.0358208
2.06465
5;
@.O..@..O.O..@:
0.0597816
1.62186
6;
@.O..@..O....@:
0.0698567
1.94224
5;
@.O..@...@:
0.0154309
1.73915
4;
@.O..@....@:
0.0163697
2.01493
4;
@.O..@....O:
0.0432557
6.98833
4;
@.O..@....O....@:
0.0431615
3.6873
5;
@.O..O:
0.0164268
8.25982
3;
@.O..O..@:
0.022416
4.40857
4;
@.O..O..@.@:
0.0346236
1.87005
5;
@.O..O..O:
0.0134728
2.51112
4;
@.O..O..O.@:
0.0455158
2.46043
5;
@.O..O....O:
0.0231403
1.80636
4;
@.O-:
0.0213531
7.8231
3;
@.O-.@:
0.0390301
5.26052
4;
@.O-.O:
0.0155689
3.05645
4;
@..@O:
0.013194
6.22948
3;
@..@O.@.O:
0.0300658
1.56058
5;
@..@O.O:
0.0203395
3.44362
4;
@..@O.O.O:
0.0532581
1.88901
5;
@..@O...O:
0.0642755
5.05787
4;
@..@.O:
0.0148089
5.10978
3;
@..@.O.O:
0.0236931
3.06315
4;
@..@.O.OO:
0.0571419
1.94202
5;
@..@.O..O:
0.0651586
5.05396
4;
@..@.O..-.OO:
0.999999
1.73205
6;
@..@..O:
0.0143133
3.92091
3;
@..@..O.OO.-:
0.999999
2
6;
@..@...O:
0.0171029
3.63376
3;
@..@...OO.O-:
0.999999
2
6;
@..OO:
0.0176081
6.69966
3;
@..OO.@:
0.0379833
2.38697
4;
@..OO.@.-:
0.454544
1.50756
5;
@..O.O:
0.0172653
4.74502
3;
@..O.O.@:
0.0422313
2.17486
4;
@..O.O..@:
0.0365234
3.22637
4;
@..O..@:
0.0221342
5.03875
3;
@..O..@.@:
0.0250596
1.52664
4;
@..O...@:
0.0284928
4.98178
3;
@..O...@@:
0.0249253
1.52254
4;
@..O...@O:
0.0359271
1.46823
4;
@...O:
0.0415677
26.252
2;
@...O.O:
0.0346772
7.09108
3;
@...O...O:
0.0463941
9.292
3;
@....O:
0.050071
24.8281
2;
@....O.O:
0.0379723
6.18684
3;
@....O..O:
0.0458765
9.21018
3;
@..-O:
0.0232504
10.388
3;
@..-.O:
0.0267967
8.82464
3;
@.-.O:
0.0530312
11.5328
3;
@-:
0.0110309
11.687
2;
@-@.-O:
0.0137471
4.43083
4;
@-O:
0.0262676
11.8526
3;
@-O.O:
0.0708651
1.78577
4;
@-O.O@:
0.124999
1.58114
5;
@-O.-@:
0.0173364
4.83971
4;
@-O.-O:
0.040355
6.8978
4;
O@:
0.0177195
36.6023
2;
O@@:
0.020934
19.187
3;
O@@.@:
0.0179368
7.23233
4;
O@@.@O:
0.0198582
5.08689
5;
O@@.@O..@:
0.0360993
2.3807
6;
O@@.@O..O:
0.0355515
1.9043
6;
O@@.@O...O:
0.0831344
1.70579
6;
O@@.@...O:
0.0450316
3.20428
5;
O@@.@...OO:
0.0881047
1.87729
6;
O@@.O:
0.0206485
9.41752
4;
O@@.O@:
0.0202395
5.08799
5;
O@@.O@..@:
0.03696
2.44697
6;
O@@.O@..O:
0.0296786
1.61611
6;
O@@.OO:
0.0188759
5.61298
5;
O@@.OO..@:
0.0347269
2.10011
6;
O@@.O...@:
0.0361914
1.62544
5;
O@@.O...O:
0.0335164
1.68789
5;
O@@..@:
0.0240891
5.16175
4;
O@@..@..O:
0.0493843
3.39216
5;
O@@..O:
0.0241392
5.71715
4;
O@@..O..@:
0.0404583
1.73031
5;
O@@..O..O:
0.0360916
1.82223
5;
O@O:
0.0141264
14.51
3;
O@O.@@:
0.0408125
4.89881
5;
O@O.@@..O:
0.0463448
1.55241
6;
O@O.O:
0.0100625
4.30896
4;
O@O.O@:
0.0579582
7.59022
5;
O@O.O@..@:
0.0980233
3.556
6;
O@O.O@..@@:
0.218181
2.28831
7;
O@O.O@..@O:
0.110131
2.34662
7;
O@O..@:
0.0700278
10.1908
4;
O@O..@..@:
0.0546085
2.25359
5;
O@O..@..O:
0.0617567
2.53432
5;
O@.@:
0.0104603
7.09874
3;
O@.@@.O:
0.0259026
2.56
5;
O@.@@.O.O:
0.0457772
1.43528
6;
O@.@O:
0.0108925
4.39478
4;
O@.@O.O:
0.0460674
3.76072
5;
O@.@..O:
0.0786459
8.55229
4;
O@.@..O.O:
0.0672259
1.94028
5;
O@.O:
0.0182912
12.9698
3;
O@.O@:
0.0130865
5.91574
4;
O@.O@.@:
0.0114637
2.15747
5;
O@.O@.O:
0.0260833
3.96267
5;
O@.O@.O.@:
0.0436195
1.86806
6;
O@.O@.O.O:
0.0228571
1.80795
6;
O@.O@.O..O:
0.0336763
1.44499
6;
O@.O@.O.-:
0.148935
2.04211
6;
O@.O@...O:
0.0156552
1.52734
5;
O@.OO:
0.0172542
6.69674
4;
O@.OO.@:
0.0231328
3.76577
5;
O@.OO.@.@:
0.0781079
2.43645
6;
O@.OO.@.O:
0.0380385
1.989
6;
O@.OO.O:
0.0195913
2.86858
5;
O@.OO.O.@@:
0.0756088
1.53098
7;
O@.OO.O.O@:
0.0770823
1.68881
7;
O@.OO...@:
0.0469603
1.54759
5;
O@.O..@:
0.0206657
3.57957
4;
O@.O..O:
0.0150837
2.3271
4;
O@.O..O.O@.@:
0.333332
1.52752
7;
O@.O..O..@:
0.0295336
1.70995
5;
O@.O....O:
0.0675412
3.81957
4;
O@.O....O@:
0.0693059
1.97007
5;
O@.O....-:
0.130136
2.22378
4;
O@.O....-@:
0.175257
1.72609
5;
O@..@:
0.0181135
11.5872
3;
O@..@...O:
0.0356889
7.47359
4;
O@..@...OO:
0.0364623
2.36197
5;
O@..@...O...@:
0.0459942
4.48329
5;
O@..O:
0.0156142
9.8148
3;
O@..O.O:
0.0453733
6.10718
4;
O@..O...@:
0.0348878
4.09226
4;
O@..O...@@:
0.0370786
2.18707
5;
O@..O...O:
0.0158975
2.41223
4;
O@.-:
0.0261931
9.88189
3;
O@.-@:
0.0176581
5.01992
4;
O@.-O:
0.0430848
7.31228
4;
O@-:
0.0204727
9.04618
3;
O@-.@:
0.0350433
6.0977
4;
O@-.O:
0.0144861
4.0281
4;
O@-.O@:
0.0974202
1.81998
5;
OO@:
0.0139504
14.3174
3;
OO@.@:
0.0574298
13.1588
4;
OO@.@@:
0.0418984
4.95088
5;
OO@.@@..O:
0.0454167
1.5948
6;
OO@.@@..O@:
0.15909
1.82781
7;
OO@.@O:
0.0595292
7.71944
5;
OO@.@O..@:
0.102256
3.85061
6;
OO@.@O...@:
0.148514
1.49255
6;
OO@.@...@:
0.0463352
1.99622
5;
OO@.@...O:
0.0561994
2.27386
5;
OO@.@...OO:
0.0594344
1.54189
6;
OO@.@....O:
0.0708546
1.93787
5;
OOO.@:
0.0116045
6.57235
4;
OOO.@@:
0.060574
12.115
5;
OOO.@@..@:
0.285631
16.8329
6;
OOO.@@..@O:
0.260614
9.63218
7;
OOO.@@..@O-:
0.195803
2.34148
8;
OOO.@@..@O-..@:
0.999999
1.73205
9;
OOO.@@..@O-..@@:
0.999999
1.73205
10;
OOO.@@..@...@:
0.386363
3.62441
7;
OOO.@@..@...@@:
0.882352
3.63803
8;
OOO.@@..@...@@O:
0.818181
2.7136
9;
OOO.@@..@...@@OO:
0.799999
2.52982
10;
OOO.@@..@-:
0.115189
3.23763
7;
OOO.@@..@-O:
0.193797
2.20113
8;
OOO.@@..@-O.@:
0.999999
2
9;
OOO.@@..O:
0.0237802
1.54211
6;
OO.@:
0.0105408
7.07998
3;
OO.@@:
0.0589978
13.2818
4;
OO.@@.@:
0.036926
3.1045
5;
OO.@@.O:
0.0741305
5.95272
5;
OO.@@.O.@:
0.0706704
1.68132
6;
OO.@@.O.O:
0.0402225
1.70179
6;
OO.@@...@:
0.107431
4.13301
5;
OO.@@...O:
0.0673565
2.80728
5;
OO.@@...OO:
0.0934333
1.85932
6;
OO.@@....@:
0.0910881
2.04697
5;
OO.@@....O:
0.0878368
1.85086
5;
OO.O@:
0.0111684
6.28985
4;
OO.O@.@:
0.0822401
11.3811
5;
OO.O@.@.@:
0.0616901
2.97016
6;
OO.O@.@.O:
0.080332
5.56853
6;
OO.O@.@.O@:
0.363733
11.1043
7;
OO.O@.@.O@.-:
0.391303
2.65395
8;
OO.O@.@..@:
0.408182
13.2329
6;
OO.O@.@..@..O:
0.354838
2.794
7;
OO.O@.@..@..O.@:
0.666666
3.26599
8;
OO.O@.@..@..O.@.@:
0.899999
2.84605
9;
OO.O@.@..@..O.@.@.O:
0.888888
2.66667
10;
OO.O@.@..@..O.@.@.O.@:
0.999999
1.73205
11;
OO.O@.@.-:
0.11701
3.73153
6;
OO.O@.@.-@:
0.199261
4.639
7;
OO.O@.@.-@.O:
0.296295
2.17732
8;
OO.O@.@.-@.-O.@.@:
0.999999
2
11;
OO..@:
0.0133809
9.97266
3;
OO..@.@:
0.112117
11.8951
4;
OO..@.@.-:
0.185896
3.2836
5;
OO..@.@.-@:
0.174657
2.98455
6;
OO..@...@:
0.0364977
5.79157
4;
OO..@...@O:
0.0192163
1.92086
5;
OO..@...O@:
0.0167814
1.70884
5;
OO..@...O@..@:
0.0293806
1.5896
6;
OO.-@:
0.0163695
5.41173
4;
OO-.@:
0.0157002
5.24485
4;
OO-.@@:
0.13793
1.81943
5;
O.@:
0.0181266
26.7562
2;
O.@@:
0.0107102
7.16287
3;
O.@@.@.O:
0.0301395
2.21651
5;
O.@@.O:
0.0132883
3.76382
4;
O.@@.O.O:
0.057713
3.43967
5;
O.@@.O.O@:
0.0500586
1.45
6;
O.@@.O.OO:
0.0456744
1.46518
6;
O.@@...O:
0.104973
8.13872
4;
O.@@...OO:
0.0839496
2.38928
5;
O.@O:
0.0182154
12.9976
3;
O.@O.@:
0.0195614
5.72936
4;
O.@O.@.@:
0.0164059
2.14334
5;
O.@O.@.O:
0.0342809
3.75821
5;
O.@O.@.O@:
0.0463002
2.00704
6;
O.@O.@.O@.@:
0.161971
1.93012
7;
O.@O.@.OO:
0.023591
1.83032
6;
O.@O.@.O-:
0.137724
1.77979
6;
O.@O.@..O:
0.0182422
1.71913
5;
O.@O.O:
0.0190284
5.15044
4;
O.@O.O.@:
0.0330701
3.69125
5;
O.@O.O.@@:
0.0688985
2.22728
6;
O.@O.O.@O:
0.0340102
1.81634
6;
O.@O.O.O:
0.0211353
2.22394
5;
O.@O.O..@:
0.0467196
1.55867
5;
O.@O...@:
0.0304771
3.96953
4;
O.@O...O:
0.0151419
1.80016
4;
O.@O....O:
0.0764132
4.20139
4;
O.@O....O.@:
0.0995465
2.09287
5;
O.@O....-:
0.0902603
1.85201
4;
O.@..@:
0.0213568
11.0558
3;
O.@..@..@:
0.0151161
2.88871
4;
O.@..@..O:
0.0361729
7.68583
4;
O.@..@..O.O:
0.0380971
2.18226
5;
O.@..@..O....@:
0.0404208
3.97554
5;
O.@..O:
0.015434
8.02944
3;
O.@..O..O:
0.0169482
2.61676
4;
O.@-:
0.0262411
9.73987
3;
O.@-.@:
0.0218862
4.34107
4;
O.@-.O:
0.0434998
5.39866
4;
O.O@:
0.0104443
7.06601
3;
O.O@.@:
0.0598586
8.89575
4;
O.O@.@.@:
0.0363537
2.31959
5;
O.O@.@.O:
0.0649493
3.79723
5;
O.O@.@.O@:
0.0762072
1.76763
6;
O.O@.@.O@....@.O:
0.999999
1.73205
8;
O.O@.@.OO:
0.0429742
1.83086
6;
O.O@.@..@:
0.0997057
3.68241
5;
O.O@.@..O:
0.0590169
2.71611
5;
O.O@.@....@:
0.122806
1.85434
5;
O.O@.@....O:
0.108373
1.5441
5;
O.OO.@:
0.013244
4.88679
4;
O.OO.@.@:
0.0926116
10.1482
5;
O.OO.@.@@:
0.0635131
2.94982
6;
O.OO.@.@O:
0.071725
5.21384
6;
O.OO.@.@O.@:
0.290843
6.86416
7;
O.OO.@.@O.@-:
0.181817
1.59545
8;
O.OO.@.@O.@-.@:
0.324999
2.05548
9;
O.OO.@.@..@:
0.372203
9.31255
6;
O.OO.@.@..@..O:
0.382978
2.62557
7;
O.OO.@.@..@..O.@:
0.541666
2.65361
8;
O.OO.@.@..@..O.@.@:
0.799999
2.52982
9;
O.OO.@.@..@..O.@.@.O:
0.999999
2.82843
10;
O.OO.@.@..@..O.@.@.O.@:
0.999999
1.73205
11;
O.OO.@.@-:
0.109443
3.68389
6;
O.OO.@.@-.@:
0.100579
2.28696
7;
O.OO.@.@-.@O:
0.285713
1.85164
8;
O.OO.@.@-.@-.O.@.@:
0.999999
1.73205
11;
O.O.@:
0.0170958
5.95328
3;
O.O..@:
0.0145606
7.87329
3;
O.O..@..@:
0.0365391
5.81688
4;
O.O..@..O.@:
0.0166107
1.44675
5;
O.O-.@:
0.0237058
4.70554
4;
O..@@:
0.0166248
6.30099
3;
O..@@.O:
0.0407725
2.67121
4;
O..@@...-:
0.0909081
1.80907
4;
O..@@...-@:
0.153845
1.6641
5;
O..@.@:
0.0198748
5.44562
3;
O..@.@.O:
0.0388683
1.96165
4;
O..@.@..@:
0.0201149
1.92388
4;
O..@.@..-:
0.09041
1.7273
4;
O..@..O:
0.021726
5.04188
3;
O..@...O:
0.0219606
3.81007
3;
O..O@.@:
0.0149917
2.41498
4;
O..O@.@.@:
0.0562214
2.23691
5;
O..O@...@:
0.0224962
1.89725
4;
O..O.@.@:
0.0205541
2.55264
4;
O..O.@.@@:
0.0450851
2.00316
5;
O..O.@..@:
0.0226422
1.86129
4;
O..-@:
0.0139106
6.21326
3;
O..-.@:
0.0119705
4.19073
3;
O.-.@:
0.0151321
3.10236
3;
O.-..@:
0.0698555
2.25821
3;
O-@:
0.0211482
9.34479
3;
O-@.@:
0.0528957
1.49052
4;
O-@.@O:
0.0810175
1.68394
5;
O-@.-@:
0.0375233
6.42761
4;
O-@.-O:
0.0148822
4.01849
4;
O-O.@@:
0.153408
2.0352
5;
O-O.-@:
0.0161207
5.31008
4;
O-..@:
0.0609248
3.30238
3;
.@@@..@O.-O:
0.0873114
2.36389
7;
.@@@..@O.-OO:
0.0647763
1.43975
8;
.@@@..O@.O:
0.0399051
2.32964
6;
.@@@..O@.O@......@:
0.449999
2.01246
8;
.@@@..O@.O@......@@:
0.449999
2.01246
9;
.@@@..O@.O-:
0.129869
3.41882
7;
.@@@..O@.O-@:
0.188118
1.89057
8;
.@@@..O@.O-@.....O:
0.421052
1.83532
9;
.@@@..O@.O-O:
0.102766
2.31168
8;
.@@@..O@.O-O....O:
0.112902
1.98787
9;
.@@@..O@.O-O....O@O:
0.210525
1.83532
11;
.@@@..O@.O-O....O@O@:
0.210525
1.83532
12;
.@@@..OO:
0.0367405
3.58602
5;
.@@@..OO.@:
0.0292073
1.48991
6;
.@@@..OO.@-O....O:
0.499999
2.12132
9;
.@@@..OO.O-:
0.199999
2.09762
7;
.@@@..OO.O-@:
0.197801
1.88691
8;
.@@@..OO.-:
0.0709424
2.58238
6;
.@@@..OO.-O:
0.212388
2.25773
7;
.@@@..OO.-O@:
0.206521
1.98089
8;
.@@@..OO.--:
0.0701744
2.05196
7;
.@@@..OO.--O:
0.080162
2.17477
7;
.@@@..OO.--O....O:
0.0903945
1.70078
8;
.@@@..OO.--O....O..@:
0.42857
2.77746
9;
.@@@..OO.--O....O..@...@:
0.42857
2.77746
11;
.@@@..OO.--O....O..@...@.--O:
0.42857
2.77746
12;
.@@@..OO.--O....O..@...@.--O.......O:
0.363635
1.7056
13;
.@@@..OO.--O....O..@...@.--O.......O....O:
0.363635
1.7056
14;
.@@@..OO.--O....O..@...@.--O.......O....O@:
0.363635
1.7056
15;
.@@@..OO.--O.....O:
0.232557
1.52498
8;
.@@@..OO.--O.....O@:
0.263157
1.62221
9;
.@@@..OO.--O.....O@...@:
0.346153
1.76504
11;
.@@@..OO.--O.....O@...@..--O:
0.42857
1.96396
12;
.@@@..O..O:
0.0208097
1.78438
5;
.@@@..O..O@O....O@:
0.749999
1.5
9;
.@@@..O..O-:
0.107421
3.4375
6;
.@@@..O..O-@:
0.187942
3.1561
7;
.@@@..O..O-@....@:
0.327868
2.56074
8;
.@@@..O..O-@....@@:
0.306121
2.14286
9;
.@@@..O..O-@....@@O:
0.306121
2.14286
10;
.@@@..O..O-@....@@O....@:
0.499999
2.54951
11;
.@@@..O..O-@....@@O....@.-:
0.499999
2.54951
12;
.@@@..O..O-@....@@O....@.--O:
0.499999
2.54951
13;
.@@@..O..O-@....@@O....@.--O......O:
0.499999
2.54951
14;
.@@@..O..O-@....@@O....@.--O......O@:
0.499999
2.54951
15;
.@@@..O..O-O:
0.099999
2.25832
7;
.@@@..O..O-O....@:
0.499999
1.87083
8;
.@@@..O..O-O....O:
0.259258
1.90516
8;
.@@@..O..O-O.....@:
0.267605
2.25488
8;
.@@@..O..O-O.....@O:
0.249999
1.5
9;
.@@@..O..O-O.....@O@:
0.249999
1.5
10;
.@@@..O..O-O.....@.@:
0.473683
2.06474
9;
.@@@..O..O-O.....@.@..O@:
0.454544
1.50756
11;
.@@@..O..O-O.....@.@..O@.@:
0.499999
1.58114
12;
.@@@..O..O-O.....@.@..O@.@-O:
0.499999
1.58114
13;
.@@@..O..O-O.....@.@..O@.@-O.....-.@:
0.499999
1.58114
14;
.@@@..O..O-O.....@.@..O@.@-O.....-.@....O:
0.499999
1.58114
15;
.@@@..O..O-O......O:
0.473683
2.06474
8;
.@@@..O..O-O......O@:
0.473683
2.06474
9;
.@@@..O..O-O......O@...@:
0.473683
2.06474
10;
.@@@..O..O-O......O@...@.-:
0.473683
2.06474
11;
.@@@..O..O-O......O@...@.--O:
0.444443
1.88562
12;
.@@@..O..O-O......O@...@.--O.......O:
0.444443
1.88562
13;
.@@@..O..O-O......O@...@.--O.......O....@:
0.444443
1.88562
14;
.@@@..O..O-O......O@...@.--O.......O....@.O:
0.444443
1.88562
15;
.@@@...O.@OO....@O:
0.555555
1.66667
9;
.@@@...O.@OO....@O@:
0.555555
1.66667
10;
.@@@...O.OO@....@:
0.399999
1.78885
8;
.@@@...O.-:
0.0253368
1.63109
5;
.@@@...O.-O:
0.0996592
2.96143
6;
.@@@...O.-O@:
0.151898
2.70021
7;
.@@@...O.-OO:
0.0948499
1.82203
7;
.@@@...O.-OO....@:
0.2043
1.97021
8;
.@@@...O.-OO....@O:
0.281249
1.59099
9;
.@@@...O.-OO....@O@:
0.281249
1.59099
10;
.@@@...O.-OO.....@:
0.571428
1.51186
8;
.@@O:
0.0211567
15.3338
3;
.@@O..@:
0.0272361
5.7218
4;
.@@O..@O:
0.0354075
4.15684
5;
.@@O..@O.O:
0.0987858
2.37294
6;
.@@O..@..O:
0.0644481
1.99896
5;
.@@O..O:
0.0322093
7.15417
4;
.@@O..O@:
0.0365194
4.21728
5;
.@@O..O@.@:
0.0343621
1.84443
6;
.@@O..O@..@@....@:
0.799999
1.78885
8;
.@@O..OO:
0.0274131
3.75012
5;
.@@O..OO.@:
0.0308632
1.75682
6;
.@@O..O..@:
0.0407953
2.25822
5;
.@@O..O..O:
0.0663405
2.12396
5;
.@@O...@:
0.0322876
4.19876
4;
.@@O...O:
0.0334314
4.54913
4;
.@@.@O:
0.0102582
2.47275
4;
.@@.O:
0.0131083
6.04881
3;
.@@.OO:
0.0165944
3.71135
4;
.@@.OO...O:
0.0575211
1.72949
5;
.@@.O...O:
0.013221
1.45448
4;
.@@..O:
0.0135215
4.43721
3;
.@@...O:
0.0166322
4.79795
3;
.@@...OO:
0.0263045
3.51244
4;
.@@...OO.O:
0.0428793
1.50753
5;
.@@...OO..O:
0.0657074
1.45006
5;
.@@...O..O:
0.0565936
3.63133
4;
.@@...O..-OO:
0.999999
1.73205
6;
.@@....O:
0.0159983
3.53716
3;
.@@....O.@O:
0.0714276
1.66904
5;
.@@....O.-O:
0.749999
1.5
5;
.@O@:
0.0104747
7.10657
3;
.@O@..O:
0.0656361
8.11381
4;
.@O@..O@:
0.0271567
1.99124
5;
.@O@..OO:
0.0566713
3.39182
5;
.@O@..OO..O:
0.118643
1.57846
6;
.@O@..OO.-:
0.899999
2.84605
6;
.@O@..O..@:
0.0446575
1.50917
5;
.@O@..O..O:
0.0867527
2.84044
5;
.@O@..O..-:
0.531914
3.64662
5;
.@OO:
0.0106393
7.21989
3;
.@OO..@@:
0.0372583
2.35619
5;
.@OO..O@:
0.0641571
3.89942
5;
.@OO..O@.@:
0.136363
2.12132
6;
.@OO..O@.O:
0.0644689
1.70327
6;
.@OO..O@..@.....@:
0.749999
1.5
7;
.@OO..O@..@.....@@:
0.999999
1.73205
8;
.@OO...@:
0.075157
5.8285
4;
.@OO...@.@:
0.0816983
2.02113
5;
.@O.O:
0.0178342
6.78736
3;
.@O.O@:
0.0332827
2.98664
4;
.@O.OO:
0.0110627
2.76897
4;
.@O.O....@:
0.0382773
2.98644
4;
.@O..@:
0.0205451
5.66143
3;
.@O..@..@:
0.0214515
1.43507
4;
.@O...O:
0.0179041
3.99866
3;
.@O...O@:
0.0414896
2.11683
4;
.@O...O..@:
0.0417246
2.71761
4;
.@O....@:
0.0282034
4.97062
3;
.@.@O:
0.0163888
5.61405
3;
.@.@O.O:
0.0517168
6.05541
4;
.@.@O.O.O:
0.0797609
2.31172
5;
.@.@O.O.O@:
0.0956512
1.77666
6;
.@.@O.O..@:
0.0993966
4.04976
5;
.@.@..O:
0.0269903
13.6756
3;
.@.@..O..@:
0.0282066
5.24965
4;
.@.@..O..@.@:
0.0207279
1.94233
5;
.@.@..O..@.O:
0.0353783
2.758
5;
.@.@..O..@.O....O:
0.044999
2.11069
6;
.@.@..O..O:
0.0505307
7.16873
4;
.@.@..O..O.@:
0.0385831
2.90023
5;
.@.@..O..O......O:
0.0643853
1.4354
5;
.@.@..O..O.-:
0.140786
3.09411
5;
.@.@..O..O.-....O:
0.437499
1.75
6;
.@.@..O..O.-....O.@:
0.466666
1.80739
7;
.@.@..O..O.-....O.@...O:
0.466666
1.80739
8;
.@.@..O..O.-....O.@...O..-:
0.466666
1.80739
9;
.@.@..O....O:
0.0719414
6.11638
4;
.@.@..O....O....@:
0.0548687
2.09513
5;
.@.@..O....O....@.O:
0.07796
2.01345
6;
.@.@..O....O....@.O...@:
0.222221
1.49071
7;
.@.@..O....-:
0.132882
2.80002
4;
.@.@..O....-......@:
0.216215
1.85996
5;
.@.@..O..-:
0.108618
4.10317
4;
.@.@..O..-.O:
0.153456
3.73692
5;
.@.@..O..-.O....@:
0.211764
1.95237
6;
.@.@..O..-.O....@.O:
0.231883
1.92617
7;
.@.@..O..-.O....@.O...O:
0.461537
2.35339
8;
.@.@..O..-.O....@.O...O..-:
0.47826
2.29366
9;
.@.@..O..-.O....@.O...O..-.-....@:
0.47826
2.29366
10;
.@.@.....-.O....@:
0.17647
1.45521
5;
.@.O:
0.020217
20.9155
2;
.@.OO:
0.0636765
16.9315
3;
.@.OO.O:
0.0406052
6.08212
4;
.@.OO.O.O:
0.040764
1.81713
5;
.@.OO.O.O@:
0.100961
2.05922
6;
.@.O..@:
0.0239661
10.5852
3;
.@.O..@..@:
0.0129162
1.75337
4;
.@.O..@..O:
0.026829
2.72123
4;
.@.O..@..O.O:
0.0427706
2.06813
5;
.@.O..@..O.O....@:
0.063196
1.46584
6;
.@.O..@..O......@:
0.0707955
1.68281
5;
.@.O..O:
0.0200304
8.21497
3;
.@.O..O..@:
0.0226134
3.81031
4;
.@.O..O..@.@:
0.0375807
1.61032
5;
.@.O..O..O:
0.0132567
2.03055
4;
.@.O.....@:
0.0189508
2.2746
3;
.@..O:
0.0420735
26.416
2;
.@..O...O:
0.042617
6.46263
3;
.@..O...OO:
0.0263977
1.8808
4;
.@..O....@:
0.0594399
10.7772
3;
.@..O....O:
0.0519007
8.7703
3;
.@..O....O..O:
0.0693605
4.57681
4;
.@....O:
0.0559096
24.8569
2;
.@....OO:
0.0404717
6.63889
3;
.@....O..O:
0.0474029
7.97894
3;
.@....O..O.O:
0.029303
1.60585
4;
.@.-:
0.0110462
6.19321
2;
.@.-O:
0.0536218
11.3986
3;
.@-O:
0.0214157
7.78932
3;
.@-.O:
0.0227803
9.92617
3;
.O@@:
0.0104599
7.13168
3;
.O@@..@O:
0.0317185
2.19576
5;
.O@@..@O.-:
0.749999
1.5
6;
.O@@..O:
0.0119387
2.63608
4;
.O@@..OO:
0.0605057
3.50469
5;
.O@@..OO.O:
0.0813943
1.68785
6;
.O@@...O:
0.10325
8.07804
4;
.O@O:
0.0107035
7.20459
3;
.O@O..@:
0.0620825
7.29421
4;
.O@O..@@:
0.0362173
2.3617
5;
.O@O..@O:
0.0615571
3.85169
5;
.O@O..@..@:
0.0884076
2.82078
5;
.O@O..@..O:
0.0611293
1.79997
5;
.O@O..@...@:
0.230087
2.44587
5;
.O@O..@...@@:
0.232557
1.52498
6;
.O@.@:
0.0165082
6.27227
3;
.O@.@O:
0.0347827
3.07024
4;
.O@.@....@:
0.0210398
1.66022
4;
.O@.OO:
0.0104624
2.60991
4;
.O@..O:
0.0223679
6.01977
3;
.O@..O...@:
0.0383027
1.46458
4;
.O@...@:
0.022135
4.93677
3;
.O@...@O:
0.0448304
2.32908
4;
.O@....O:
0.0214984
3.87938
3;
.OO@:
0.0179508
12.8016
3;
.OO@..@:
0.0244354
5.32642
4;
.OO@..@@:
0.0149276
2.01509
5;
.OO@..@O:
0.0320082
3.53321
5;
.OO@..@O.O:
0.0317587
1.53304
6;
.OO@..@O.-:
0.195401
1.82259
6;
.OO@..@..O:
0.0281361
1.56459
5;
.OO@..O:
0.0218467
4.26092
4;
.OO@..O@:
0.0331877
3.59772
5;
.OO@..O@.@:
0.0914387
2.07308
6;
.OO@..O@..-:
0.281249
1.59099
6;
.OO@..OO:
0.0203984
2.19878
5;
.OO@..OO.OO.....@:
0.727272
2.41209
8;
.OO@..OO.OO.....@@:
0.888888
2.66667
9;
.OO@..OO.-:
0.175257
1.72609
6;
.OO@...@:
0.0308567
3.92403
4;
.OO@...O:
0.0149361
1.84948
4;
.OO@.....O:
0.0790987
3.11918
4;
.OO@.....-:
0.193181
1.81221
4;
.OOO..@:
0.0141069
4.23785
4;
.OOO..@@:
0.104056
10.7376
5;
.OOO..@@.@:
0.0613388
2.15912
6;
.OOO..@@.O:
0.114927
4.59856
6;
.OOO..@@.O@:
0.09594
1.57939
7;
.OOO..@@.O-@:
0.19101
1.802
8;
.OOO..@@..@:
0.0824732
1.81631
6;
.OOO..@@...@:
0.430327
6.72194
6;
.OOO..@@...@....O:
0.759999
3.8
7;
.OOO..@@...@....OO:
0.615384
2.2188
8;
.OOO..@@...@....OO@:
0.799999
2.52982
9;
.OOO..@@...@....OO@@:
0.999999
2.82843
10;
.OOO..@@.-:
0.0692727
2.07243
6;
.OOO..@@.-O:
0.177965
1.93321
7;
.OOO..@@.-O@:
0.351851
2.58557
8;
.OOO..O@.@O@....@:
0.454544
1.50756
9;
.OO.@@:
0.0135775
3.11369
4;
.OO.@....@:
0.0231044
1.52004
4;
.OO...@@:
0.0180353
2.33387
4;
.OO...@..@:
0.0272613
1.80117
4;
.OO....@..@:
0.024909
1.4973
4;
.O.@:
0.0202103
20.9202
2;
.O.@@:
0.049906
13.443
3;
.O.@@.@:
0.0376013
5.67009
4;
.O.@@.@.@:
0.028333
1.45775
5;
.O.@@.@.@O:
0.11083
2.2083
6;
.O.@@.@..@:
0.0281039
2.42941
5;
.O.@@.O:
0.120672
10.9301
4;
.O.@@.O.@:
0.0786387
2.41233
5;
.O.@..@:
0.0254034
11.0576
3;
.O.@..@O:
0.163564
11.6866
4;
.O.@..@O.-:
0.699999
2.21359
5;
.O.@..@..@:
0.0141786
2.38454
4;
.O.@..@..O:
0.0372062
6.58662
4;
.O.@..@..O.O:
0.0409228
2.03305
5;
.O.@..@..O......@:
0.0485607
3.90492
5;
.O.@..O:
0.018608
7.67326
3;
.O.@..O..@:
0.0371086
3.65506
4;
.O.@..O..O:
0.0146462
1.89821
4;
.O.@..O..O.-....@:
0.666666
1.63299
6;
.O.@..O..O.-....@.@:
0.666666
1.63299
7;
.O.O@:
0.0183164
6.3003
3;
.O.O@.@:
0.108922
12.8247
4;
.O.O@.@.-:
0.131033
2.73294
5;
.O.O@.@.-@:
0.118131
2.25381
6;
.O.O..@:
0.0155559
7.48467
3;
.O.O..@..@:
0.0333646
4.42179
4;
.O..@:
0.0353475
22.284
2;
.O..@...O:
0.0283792
3.16067
3;
.O..@...O@:
0.0462297
2.26531
4;
.O....@:
0.0439059
19.6376
2;
.O....@..@:
0.0670364
12.0277
3;
.O....@..@@:
0.0414164
1.93069
4;
.O....@..@.O:
0.0502739
1.79376
4;
.O.-@:
0.0155527
3.24737
3;
.O.-..@:
0.0699472
1.9435
3;
.O-@:
0.0258844
9.82085
3;
.O-.@:
0.0142011
6.32065
3;
..@@.O:
0.0195572
4.86873
3;
..@@.O.O:
0.0713389
6.07311
4;
..@@.O.O..O:
0.0585039
1.77743
5;
..@@...O:
0.0392276
14.746
3;
..@@...O..O:
0.0516349
6.53474
4;
..@@...O..O-:
0.106582
2.69214
5;
..@@...O...-:
0.102221
2.16846
4;
..@@...O...-.......@:
0.249999
1.73205
5;
..@@...O..-:
0.10535
3.64338
4;
..@@...O..-O:
0.140114
3.19819
5;
..@@...O..-O.....@:
0.208954
1.71037
6;
..@@......-O.....@:
0.244897
1.71428
5;
..@O:
0.0205159
21.2851
2;
..@O.O:
0.0789055
15.6476
3;
..@O.O.@:
0.161562
11.1174
4;
..@O.O.@..O:
0.101582
2.79676
5;
..@O.O.@..OO:
0.153284
1.79415
6;
..@O...@:
0.0277774
10.5173
3;
..@O...@..O:
0.0256458
2.41815
4;
..@O...@-:
0.0204981
2.3786
4;
..@O...O:
0.019609
7.05618
3;
..@..O:
0.0509507
25.3697
2;
..@..O..O:
0.0422125
6.58112
3;
..@..O..O@:
0.0494264
2.01322
4;
..@..O..O.O:
0.0275145
1.67528
4;
..@..O...O:
0.0601939
4.56371
3;
..@..O....O:
0.0510122
7.94055
3;
..@..O....O.O:
0.0361872
1.47353
4;
..@...O:
0.0117899
5.5602
2;
..@...OO:
0.0408794
6.64768
3;
..@....O:
0.0635424
23.765
2;
..@....O.O:
0.0392386
3.36753
3;
..@....O..@:
0.0624217
10.1948
3;
..@....O..@O:
0.0708981
3.94941
4;
..@....O..@O.....@:
0.0860205
2.032
5;
..@....O..@O.....O:
0.0803561
1.70084
5;
..@....O..@......@:
0.0453843
2.60046
4;
..@....O..@......@.O:
0.0618677
2.46234
5;
..@....O..O:
0.048625
7.50716
3;
..@....O..OO:
0.0292561
1.61365
4;
..@....O..-:
0.155038
1.7609
3;
..@....O..-O:
0.189872
1.68763
4;
..@-:
0.0104261
5.97339
2;
..@-.O:
0.0783103
10.6377
3;
..O@:
0.0198045
20.5681
2;
..O@.@:
0.0612784
12.4415
3;
..O@.@.@:
0.0417521
5.26536
4;
..O@...@:
0.0269506
10.1267
3;
..O@...@..@:
0.0160055
2.31564
4;
..O@...@..O:
0.0418433
6.5042
4;
..O@...@..O......@:
0.0518435
4.02187
5;
..O@...O:
0.0186607
6.61667
3;
..O@...O.@:
0.0173804
1.4562
4;
..O@...O..@:
0.0358232
3.22875
4;
..O@...O..@@:
0.0416194
1.76678
5;
..O@...O..@O:
0.044103
2.04692
5;
..O@...O..O:
0.0137773
1.57483
4;
..OO.@:
0.0262366
6.47719
3;
..OO.@.@:
0.141094
12.3157
4;
..OO.@.@-:
0.0888879
2.06559
5;
..OO..@:
0.0284023
5.61495
3;
..O..@:
0.0443355
21.8316
2;
..O..@..O:
0.0274294
3.0539
3;
..O..@..O.@:
0.0490865
1.95674
4;
..O....@:
0.0497438
18.2753
2;
..O....@.@:
0.0276586
2.39858
3;
..O....@.@@:
0.0303953
1.54961
4;
..O....@..@:
0.0720986
11.8785
3;
..O....@..@O:
0.0451012
1.69898
4;
..O....@..O:
0.0476436
7.42139
3;
..O-.@:
0.0172612
2.27567
3;
...@O.O:
0.0339694
7.04491
3;
...@.O:
0.0110437
6.02709
2;
...@.O.O:
0.0377586
6.20603
3;
...@.O.OO:
0.0235191
1.44682
4;
...@..O:
0.0541484
24.5132
2;
...@..O.O:
0.0425766
4.3577
3;
...@..O....O:
0.0497375
6.80854
3;
...@..O....O....O:
0.0692427
3.7768
4;
...@...O:
0.0623487
23.1978
2;
...@...OO:
0.0408604
4.2594
3;
...@...O..O:
0.0427794
5.12097
3;
...@...O..O@:
0.0727322
4.02734
4;
...@...O..O@.......@:
0.126581
2.25017
5;
...@...O..O@.......O:
0.14563
1.47799
5;
...@...O..OO:
0.0304197
1.69102
4;
...@...O..O-:
0.207546
1.51097
4;
...@...O...@:
0.0657729
9.16478
3;
...@...O...@.....O:
0.0723987
3.92698
4;
...@...O...@.....O.@:
0.0684079
2.46747
5;
...O...@:
0.048439
18.0354
2;
...O...@..@:
0.0324894
3.71159
3;
...O...@...O:
0.0518768
7.12295
3;
...-..O:
0.0434441
1.57365
2;
..-@:
0.0113997
6.426
2;
..-..O:
0.0418873
1.62449
2;
.-@O:
0.0225794
8.14225
3;
.-@.-O:
0.0238178
10.392
3;
.-O@:
0.025403
9.61748
3;
.-O.-@:
0.0145545
6.43169
3;
.-.@:
0.0106821
6.0454
2;
-@:
0.011191
11.962
2;
-@.O:
0.0266146
9.9584
3;
-O.@:
0.0211958
7.65981
3;
-O..@:
0.0693985
3.65979
3;
-.@:
0.0123699
10.6072
2;
-.@O:
0.0265901
9.92305
3;
-.O@:
0.0202384
7.47806
3;
