@@@.O:
0.0115903
6.52671
4;
@@@.OO:
0.0632395
12.2011
5;
@@@.OO..@:
0.025654
1.55292
6;
@@@.OO..O:
0.25946
15.3236
6;
@@@.OO..O@:
0.317696
9.73004
7;
@@@.OO..O@..O:
0.431033
3.28266
8;
@@@.OO..O@..OO:
0.382352
2.22948
9;
@@@.OO..O@-:
0.262031
3.58323
8;
@@@.OO..O.@:
0.36461
7.04181
7;
@@@.OO..O.@.O:
0.431033
3.28266
8;
@@@.OO..O.@.OO:
0.432431
2.63038
9;
@@@.OO..O.-:
0.816666
6.32587
7;
@@@.OO..O.-.O:
0.764705
3.15296
8;
@@@.OO..O-:
0.116563
3.64532
7;
@@@.OO..O-..O:
0.749999
1.5
8;
@@@.OO..O-...O:
0.649999
2.90689
8;
@@O:
0.0141526
14.4222
3;
@@O.O:
0.0606937
13.8818
4;
@@O.O@:
0.0598546
7.96911
5;
@@O.O@..O:
0.071259
3.28028
6;
@@O.O@..O-:
0.122221
1.63978
7;
@@O.OO:
0.0403446
4.89131
5;
@@O.OO..@:
0.0641294
1.94517
6;
@@O.O...@:
0.0604935
2.63759
5;
@@O.O...@O:
0.0730425
1.75152
6;
@@O.O...O:
0.0628872
2.25698
5;
@@O.O...O@:
0.080401
1.60401
6;
@@O.O....-:
0.42857
1.60357
5;
@@.@O:
0.0111529
6.25165
4;
@@.@O.O:
0.0844304
11.2275
5;
@@.@O.O.@:
0.092101
5.85337
6;
@@.@O.O.@O:
0.293737
9.68001
7;
@@.@O.O.@O.-:
0.147367
1.43637
8;
@@.@O.O.O:
0.10803
4.05225
6;
@@.@O.O..O:
0.292644
10.4618
6;
@@.@O.O..O.@:
0.26724
4.0705
7;
@@.@O.O..O.@@:
0.249999
1.65831
8;
@@.@O.O..O.-:
0.743589
4.64372
7;
@@.@O.O..O.-@:
0.699999
2.21359
8;
@@.@O.O..O.-@.O:
0.699999
2.21359
9;
@@.@O.O.-:
0.09756
3.30557
6;
@@.@O.O.-@.O@:
0.411764
1.69775
9;
@@.@O.O.-@.O@.O:
0.466666
1.80739
10;
@@.@O.O.-O:
0.122714
3.39636
7;
@@.@O.O.-O.@:
0.26923
1.94145
8;
@@.O:
0.010803
7.24917
3;
@@.OO:
0.0575622
13.2719
4;
@@.OO.@:
0.055877
5.23795
5;
@@.OO.@.@:
0.0307433
1.52858
6;
@@.OO.@.-:
0.0830759
1.49769
6;
@@.OO.O:
0.0452267
3.56497
5;
@@.OO.O.@:
0.0457821
1.61544
6;
@@.OO.O.-:
0.538461
1.94145
6;
@@.OO.O.-@:
0.833332
2.04124
7;
@@.OO...@:
0.0638524
2.70982
5;
@@.OO...O:
0.0912152
3.84409
5;
@@.OO...O@:
0.0596536
1.50561
6;
@@.OO....@:
0.0597005
1.76195
5;
@@..O:
0.0137164
10.3333
3;
@@..O.O:
0.121788
12.9406
4;
@@..O.O.-:
0.15915
3.09016
5;
@@..O...@O:
0.0145489
1.55412
5;
@@..O...@O..O:
0.0251972
1.49754
6;
@@..O...O:
0.0288471
4.90503
4;
@@.-O:
0.0170113
5.55827
4;
@@-.O:
0.0176775
5.85932
4;
@O:
0.017738
36.6576
2;
@O@:
0.0139607
14.1988
3;
@O@.@:
0.0100091
4.24007
4;
@O@.@O:
0.0546767
7.42027
5;
@O@.@O..O:
0.0665235
3.22146
6;
@O@.@O..O@:
0.0463958
1.4767
7;
@O@.@O..OO:
0.093749
1.83712
7;
@O@.@O...O:
0.0865375
1.52857
6;
@O@.OO:
0.0430435
5.09891
5;
@O@.OO..@:
0.0736383
2.25413
6;
@O@..O:
0.0695595
9.9491
4;
@O@..O..@:
0.0552683
2.55378
5;
@O@..O..@-:
0.624999
1.76777
6;
@O@..O..O:
0.0516457
1.88776
5;
@OO:
0.0204088
18.7917
3;
@OO.@:
0.0194322
8.98799
4;
@OO.@@:
0.0172819
5.24542
5;
@OO.@@..O:
0.0403499
2.15415
6;
@OO.@O:
0.0190031
4.82297
5;
@OO.@O..@:
0.0385747
1.73462
6;
@OO.@O..O:
0.0322304
2.24234
6;
@OO.@O..OO:
0.0444105
1.63239
7;
@OO.@...@:
0.0486415
2.0453
5;
@OO.@...@@:
0.0857133
1.43427
6;
@OO.@...O-:
0.499999
1.58114
6;
@OO.@....O:
0.0236067
2.06712
5;
@OO.O:
0.0170239
6.78743
4;
@OO.O@:
0.0184544
4.72167
5;
@OO.O@..@:
0.0352137
1.60333
6;
@OO.O@..O:
0.0315676
2.25445
6;
@OO.OO:
0.0107478
2.25242
5;
@OO.OO..@:
0.045065
2.28641
6;
@OO..@:
0.0221507
5.29148
4;
@OO..@..@:
0.0454535
1.79646
5;
@OO..@....O:
0.0224729
1.67608
5;
@OO..O:
0.0215091
4.70923
4;
@OO.....@:
0.0456683
2.57333
4;
@O.@:
0.0180961
13.024
3;
@O.@@:
0.017117
6.74407
4;
@O.@@.@:
0.0200113
3.02086
5;
@O.@@.@.O..O:
0.999999
2
7;
@O.@@.@.O..OO:
0.999999
1.73205
8;
@O.@@.O:
0.0198241
3.35864
5;
@O.@@.O.@:
0.0336185
1.7777
6;
@O.@@.O.O:
0.0556052
1.84173
6;
@O.@@.O..@:
0.0273731
1.48906
6;
@O.@@.O..@.-:
0.833332
2.04124
7;
@O.@@...O:
0.0393601
1.648
5;
@O.@O:
0.0121072
5.59029
4;
@O.@O.@:
0.0261354
3.89011
5;
@O.@O.@.@:
0.0194194
1.58891
6;
@O.@O.@.-:
0.114129
1.54814
6;
@O.@O...@:
0.0156804
1.67072
5;
@O.@O...-:
0.127961
1.85876
5;
@O.@..@:
0.0153293
2.4483
4;
@O.@..O:
0.0216316
3.80992
4;
@O.@....@:
0.0715932
4.20521
4;
@O.@....O:
0.0495186
1.82149
4;
@O.@....-:
0.139622
2.27289
4;
@O.O:
0.0106222
7.1668
3;
@O.O@:
0.011935
4.79092
4;
@O.O@.@:
0.0581867
4.78203
5;
@O.O@.@.@:
0.0486532
1.5122
6;
@O.O@.@.@O:
0.101886
1.6586
7;
@O.O@.@.O:
0.0728467
2.00165
6;
@O.O@.@..@:
0.0674409
1.97778
6;
@O.OO.@:
0.0344321
3.0093
5;
@O.OO.@.@:
0.0914884
1.98344
6;
@O.OO.@..@:
0.0568852
1.47026
6;
@O.O..@:
0.0751188
8.04694
4;
@O.O..@.@:
0.0711775
2.08372
5;
@O..@:
0.0156486
9.97578
3;
@O..@.@:
0.0412934
5.94194
4;
@O..@.@.@:
0.0356131
2.42411
5;
@O..@...@:
0.0147206
2.33703
4;
@O..@...@O:
0.0193142
1.45762
5;
@O..O:
0.0178639
11.4034
3;
@O..O.@:
0.106956
9.95738
4;
@O..O.@.-:
0.243901
1.56174
5;
@O..O...@:
0.036931
7.40568
4;
@O..O...@@:
0.0280518
1.69156
5;
@O..O...O:
0.0155733
2.91875
4;
@O.-:
0.0274421
10.0097
3;
@O.-@:
0.0425806
7.36539
4;
@O.-@.@:
0.179486
1.58519
5;
@O.-O:
0.0186187
5.0892
4;
@O.-O.@:
0.208332
1.44337
5;
@O-:
0.0216258
9.65573
3;
@O-.@:
0.0146189
4.00658
4;
@O-.O:
0.037417
6.54836
4;
@.@@.O:
0.0126644
4.65107
4;
@.@@.O.O:
0.101162
10.1879
5;
@.@@.O.O@:
0.0915169
5.8112
6;
@.@@.O.O@.O:
0.235022
5.99654
7;
@.@@.O.O@.O-:
0.152671
1.74741
8;
@.@@.O.OO:
0.106124
3.97651
6;
@.@@.O.O..O:
0.25312
7.51306
6;
@.@@.O.O..O@:
0.261043
4.11921
7;
@.@@.O.O..O-:
0.76923
4.80384
7;
@.@@.O.O..O-.@:
0.699999
2.21359
8;
@.@@.O.O..O-.@.O:
0.999999
2.44949
9;
@.@@.O.O-:
0.0909081
3.2891
6;
@.@@.O.O-.@O.@:
0.799999
1.78885
9;
@.@@.O.O-.@O.@.O:
0.999999
2
10;
@.@@.O.O-.O:
0.0683534
1.92123
7;
@.@@.O.O-.O@:
0.196077
1.98029
8;
@.@O:
0.0109539
7.33556
3;
@.@O.O:
0.0604855
9.18578
4;
@.@O.O.@:
0.0460765
3.26955
5;
@.@O.O.@O:
0.0646756
1.5882
6;
@.@O.O.@-:
0.0868046
1.47314
6;
@.@O.O.O:
0.0458706
2.66647
5;
@.@O.O.O@:
0.0497998
1.57799
6;
@.@O.O..@:
0.0675968
2.85995
5;
@.@O.O..O:
0.117606
4.4845
5;
@.@O.O....@:
0.0633387
1.44576
5;
@.@O.O..-:
0.215685
1.54031
5;
@.@.O:
0.0189903
6.37059
3;
@.@..O:
0.0144887
7.93642
3;
@.@..O..O:
0.0300072
5.03556
4;
@.@-.O:
0.023465
4.59813
4;
@.O:
0.0180249
26.6218
2;
@.O@:
0.0183876
13.0765
3;
@.O@.@:
0.0182926
5.04082
4;
@.O@.@.@:
0.018909
2.23009
5;
@.O@.@.@@.O-:
0.999999
1.73205
8;
@.O@.@.@O..O:
0.999999
2
7;
@.O@.@.O:
0.0293131
3.25756
5;
@.O@.@.O@:
0.0348998
1.82087
6;
@.O@.@.OO:
0.0534552
1.76081
6;
@.O@.@.OO.@@.O:
0.545454
1.80907
9;
@.O@.@..O:
0.0345208
1.45115
5;
@.O@.O:
0.0186471
5.44694
4;
@.O@.O.@:
0.0285366
3.21413
5;
@.O@.O.@@:
0.0216376
1.68364
6;
@.O@.O.@O:
0.0318433
1.5142
6;
@.O@.O.O:
0.0133581
1.79803
5;
@.O@.O..@:
0.0178322
1.82125
5;
@.O@.O..-:
0.115043
1.72949
5;
@.O@...@:
0.0158874
1.977
4;
@.O@...O:
0.0321656
4.09768
4;
@.O@....@:
0.0875978
4.72627
4;
@.O@....O:
0.0513458
1.76979
4;
@.O@....-:
0.158332
2.45289
4;
@.OO:
0.0107464
7.24874
3;
@.OO.@:
0.012613
3.7097
4;
@.OO.@.@:
0.0609661
3.98903
5;
@.OO.@.@@:
0.0490395
1.50195
6;
@.OO.@.@O:
0.0724128
2.1359
6;
@.OO.@.@..@:
0.0672717
1.57768
6;
@.OO.O.@:
0.0471094
2.84657
5;
@.OO.O.@@:
0.063227
1.55005
6;
@.OO...@:
0.108558
8.10421
4;
@.OO...@@:
0.0889203
2.32899
5;
@.O..@:
0.0147798
7.73802
3;
@.O..@.@:
0.0426676
5.2785
4;
@.O..@.@@:
0.0363708
2.42739
5;
@.O..@..@:
0.0151499
2.39312
4;
@.O..@..O:
0.0284589
3.49825
4;
@.O..O:
0.0208516
10.6781
3;
@.O..O.@:
0.152615
10.5912
4;
@.O..O..@:
0.0375538
7.52297
4;
@.O..O..@O:
0.0365272
1.99539
5;
@.O..O..@.O..@.@.....O..O:
0.799999
1.78885
9;
@.O..O..O:
0.0151293
2.88997
4;
@.O-:
0.026747
9.87402
3;
@.O-.@:
0.0404552
5.37078
4;
@.O-.O:
0.0213201
4.24707
4;
@..@O.O:
0.0136503
2.31033
4;
@..@O.O.@..OO:
0.199999
1.54919
7;
@..@O.O.O:
0.0541457
2.06823
5;
@..@O...O:
0.0247991
2.13036
4;
@..@O...OO.-:
0.833332
2.04124
6;
@..@.O.O:
0.01686
2.18055
4;
@..@.O.OO:
0.0554724
2.03973
5;
@..@.O..O:
0.0248437
2.09109
4;
@..@.O..O.O-:
0.714285
1.88982
6;
@..@...O-.OO:
0.833332
2.04124
6;
@..OO:
0.0154873
5.96202
3;
@..OO.@:
0.0387997
2.44444
4;
@..OO...@:
0.0222659
1.92258
4;
@..OO...-:
0.0739716
1.99863
4;
@..O.O:
0.0197222
5.4969
3;
@..O.O.@:
0.04284
2.20995
4;
@..O.O..@:
0.0267611
2.32507
4;
@..O.O..-:
0.0702865
1.75859
4;
@..O..@:
0.0206026
4.59327
3;
@..O...@:
0.0210974
3.59335
3;
@...O:
0.0361232
22.8701
2;
@...O...@:
0.0397892
8.07565
3;
@....O:
0.0411538
20.3646
2;
@....O..@:
0.0381308
7.73737
3;
@..-O:
0.0129197
5.78487
3;
@..-.O:
0.0137185
4.51976
3;
@.-.O:
0.0152708
3.21543
3;
@.-..O:
0.059215
2.05045
3;
@-@.OO:
0.0877183
1.48087
5;
@-@.-O:
0.016842
5.38394
4;
@-O:
0.0207889
9.3132
3;
@-O.O@:
0.118942
1.79205
5;
@-O.-@:
0.0129333
3.57297
4;
@-O.-O:
0.0379885
6.56065
4;
@-..O:
0.0598638
3.33689
3;
O@:
0.0176714
36.5024
2;
O@@:
0.0220297
20.1441
3;
O@@.@:
0.016496
6.58062
4;
O@@.@@:
0.0195967
4.30346
5;
O@@.@@..O:
0.0331697
1.83941
6;
O@@.@@..O@-:
0.999999
1.73205
8;
O@@.@O:
0.0159115
4.0504
5;
O@@.@O..@:
0.032465
2.10128
6;
O@@.@O..@-O:
0.416666
1.44337
8;
O@@.@O..O:
0.0268308
1.44668
6;
O@@.@O...O:
0.0707307
1.43221
6;
O@@.@O...O@.O:
0.555555
1.66667
8;
O@@.@...O:
0.0273014
1.91272
5;
O@@.O:
0.0125379
5.71522
4;
O@@.O@:
0.0165861
4.14539
5;
O@@.O@..@:
0.0342213
2.22761
6;
O@@.O@..@O-:
0.399999
1.54919
8;
O@@.O@..O:
0.0278412
1.5293
6;
O@@.O....-:
0.140243
1.796
5;
O@@..@:
0.0147072
3.08722
4;
O@@..@..O:
0.0313174
2.11625
5;
O@@..O:
0.0150078
3.55069
4;
O@@.....O:
0.0846846
5.31836
4;
O@@......@:
0.0871811
3.82709
4;
O@O:
0.0110754
11.3971
3;
O@O.@:
0.0119413
4.83314
4;
O@O.@@:
0.0517654
6.18927
5;
O@O.@@..@:
0.0499674
1.98683
6;
O@O.@@..O:
0.0967203
3.37833
6;
O@O.@@..OO:
0.115253
1.97956
7;
O@O.@...@:
0.0141875
1.4491
5;
O@O.O@:
0.0247256
3.20722
5;
O@O.O@..@:
0.0525886
1.86304
6;
O@O..@:
0.0554796
8.13562
4;
O@O..@..O:
0.0866773
3.59375
5;
O@O..@..O@:
0.0970139
1.5882
6;
O@O..@..O-O:
0.799999
1.78885
7;
O@O..@...@:
0.147367
2.03133
5;
O@.@:
0.0110799
7.48794
3;
O@.@@:
0.0101465
4.33159
4;
O@.@@.O:
0.0477681
4.7383
5;
O@.@@.O.@:
0.0347306
1.63534
6;
O@.@@.O.@O:
0.0620145
1.86356
7;
O@.@@.O.@O.-O:
0.777777
2.33333
9;
O@.@@.O.O:
0.0681353
2.1525
6;
O@.@@.O.OO:
0.0782818
1.55781
7;
O@.@O.O:
0.0395016
3.26584
5;
O@.@..O:
0.0927888
9.97349
4;
O@.@..O.O:
0.0757754
2.14997
5;
O@.O:
0.0207702
14.7695
3;
O@.O@:
0.0196116
8.86498
4;
O@.O@.@:
0.0230172
4.29658
5;
O@.O@.@.O:
0.024734
2.2408
6;
O@.O@.O:
0.0258622
3.94911
5;
O@.O@.O.O:
0.0305524
2.44713
6;
O@.O@.O..O:
0.0368821
1.61824
6;
O@.O@...@:
0.0609333
2.34181
5;
O@.O@...@@:
0.0804944
1.44668
6;
O@.O@...O:
0.0226527
2.21717
5;
O@.OO:
0.0176526
6.92056
4;
O@.OO.@:
0.0262611
4.31202
5;
O@.OO.@.@:
0.0541912
1.69475
6;
O@.OO.@.O:
0.0319725
1.66784
6;
O@.OO.@..O:
0.0320342
1.80765
6;
O@.OO.O:
0.0124557
1.84409
5;
O@.O..@:
0.0296837
5.11972
4;
O@.O..@....O:
0.0486051
1.81802
5;
O@.O..O:
0.0254122
4.00763
4;
O@.O....-:
0.0984242
1.56864
4;
O@..@:
0.015555
9.81204
3;
O@..@...@:
0.0125403
2.38089
4;
O@..@...@O:
0.0358895
2.39635
5;
O@..@...O:
0.0207275
4.26367
4;
O@..@...O@:
0.0192737
1.50812
5;
O@..@...OO:
0.0264372
1.68977
5;
O@..@....@:
0.0200366
1.79053
4;
O@..@....@-.O.O:
0.454544
1.50756
7;
O@..O:
0.0179141
11.421
3;
O@..O.O:
0.0410557
5.63718
4;
O@..O.O.@:
0.0996137
4.24621
5;
O@..O.O.@@:
0.221263
4.12763
6;
O@..O.O.@@.O:
0.218181
1.61808
7;
O@..O.O.@@.OO:
0.399999
1.78885
8;
O@..O.O.O:
0.0250222
1.64393
5;
O@..O.O.O@:
0.08635
1.63612
6;
O@..O...@:
0.025805
3.08584
4;
O@..O...@@:
0.0284257
1.69443
5;
O@..O...O:
0.0126154
1.93899
4;
O@.-:
0.0205188
7.68345
3;
O@.-@:
0.0134598
3.78803
4;
O@.-@.O:
0.138888
1.44337
5;
O@.-O:
0.0391072
6.70338
4;
O@-:
0.0273098
12.1643
3;
O@-.@:
0.0409024
7.05546
4;
O@-.O:
0.0175706
4.93679
4;
OO@:
0.0109862
11.2967
3;
OO@.@:
0.0447848
10.2524
4;
OO@.@@:
0.0535679
6.30885
5;
OO@.@@..@:
0.0592685
2.25769
6;
OO@.@@..@O:
0.122806
1.85434
7;
OO@.@@..O:
0.0904967
3.29541
6;
OO@.@O:
0.0249398
3.20167
5;
OO@.@O..@:
0.0502206
1.84799
6;
OO@.@O...@:
0.177082
1.73505
6;
OO@.@...O:
0.0905893
3.7472
5;
OO@.@....-:
0.350876
2.64906
5;
OO@..@..@:
0.014013
1.46907
5;
OOO.@@:
0.0240129
4.74353
5;
OOO.@@..@:
0.102676
5.13692
6;
OOO.@@..@O:
0.0575387
1.82683
7;
OOO.@@..@O-:
0.142856
1.64751
8;
OOO.@@..@O-.@.OO:
0.470587
1.94028
11;
OOO.@@..@O-.@.OO....@:
0.470587
1.94028
12;
OOO.@@..@-:
0.140897
3.99017
7;
OOO.@@..@-O..@O:
0.35294
1.45521
10;
OOO.@@..@--:
0.16752
4.0518
8;
OOO.@@..@--.@:
0.103626
1.43963
8;
OOO.@@..@--.@@:
0.479999
2.4
9;
OOO.@@..@--.@@O:
0.499999
2.44949
10;
OOO.@@..@--.O:
0.441557
3.87466
8;
OOO.@@..@--.OO:
0.499999
2.12132
10;
OOO.@@..@--.OO@:
0.529411
2.18282
11;
OOO.@@..@--.O.@:
0.529411
2.18282
10;
OOO.@@..@--.O.@O:
0.571428
1.51186
11;
OOO.@@..@--..O:
0.461537
2.88231
8;
OOO.@@..@--..OO:
0.466666
2.55604
10;
OOO.@@..@--..OO@:
0.499999
1.73205
11;
OOO.@@..@--..OO@....@:
0.499999
1.73205
12;
OOO.@@..@--..OO@....@@:
0.499999
1.73205
13;
OOO.@@..@--..OO@....@@...-@:
0.499999
1.73205
14;
OOO.@@..@--..OO@....@@...-@..O:
0.499999
1.73205
15;
OOO.@@..@--...O:
0.188405
1.56502
8;
OOO.@@..@--...O-....O-..@-..O:
0.349999
1.56525
11;
OOO.@@..O:
0.0253446
1.66974
6;
OOO.@@..O@:
0.0472269
1.47393
7;
OOO.@@..O@-:
0.404039
4.02015
8;
OOO.@@..O@-.@:
0.437499
3.5
9;
OOO.@@..O@-.@@:
0.499999
2
10;
OOO.@@..O@-..@:
0.333332
1.52752
9;
OOO.@@..O-:
0.0948895
1.92373
7;
OOO.@@..O-@:
0.393616
3.81626
8;
OOO.@@..O-@.@:
0.393938
2.26301
9;
OOO.@O..@.-.-:
0.499999
1.58114
8;
OOO.@...@@-:
0.108646
2.30732
7;
OOO.@...@@-.@:
0.184523
2.3917
8;
OOO.@...@@-.@O:
0.204544
2.35005
9;
OOO.@...@@-.@OO:
0.408162
2.85714
10;
OOO.@...@@-.@OOO:
0.390243
2.49878
11;
OOO.@...@@-.@OOO.....O:
0.399999
2.19089
12;
OOO.@...@@-.@OOO.....O..O:
0.380951
1.74574
13;
OOO.@...@@-..O:
0.165048
1.67506
8;
OOO.@...@@-..O@:
0.21739
1.80579
9;
OOO.@...@@-..O@O:
0.299999
2.12132
10;
OOO.@...@@-..O@O.....O:
0.433332
2.37346
11;
OOO.@...@@-..O@O.....O..@:
0.433332
2.37346
12;
OOO.@...O@-:
0.0905067
1.92635
7;
OOO.@...O@-.@:
0.141242
1.87911
8;
OOO.@...O@-.O.......@:
0.416666
1.44337
9;
OOO.@...O@-.O.......@@:
0.416666
1.44337
10;
OOO.@...O@-.O.......@@...-:
0.416666
1.44337
11;
OOO.@...O.-.O..O:
0.461537
1.6641
8;
OOO.@...O.-.O..O....@:
0.461537
1.6641
9;
OOO.@...O.-.O..O....@O:
0.461537
1.6641
10;
OOO.@...O.-.O..O....@O..@:
0.461537
1.6641
11;
OOO.@...O.-.O..O....@O..@.-:
0.461537
1.6641
12;
OOO.@...O.-.O..O....@O..@.-.@:
0.461537
1.6641
13;
OOO.@...O.-.O..O....@O..@.-.@O:
0.461537
1.6641
14;
OOO.@...O.-.O..O....@O..@.-.@O......-O:
0.461537
1.6641
15;
OOO.O@..O-@.@O:
0.374999
1.5
10;
OOO.O...O-..@:
0.270269
1.64399
7;
OOO.O...O-..@O:
0.270269
1.64399
8;
OOO.O...O-..@O@:
0.454544
2.13201
9;
OOO.O...O-..@O@.....@:
0.449999
2.01246
10;
OOO..@..@O@.O.O@....O:
0.499999
1.58114
11;
OOO..@..@O@.O.O@....O...@:
0.499999
1.58114
12;
OOO..@..@O@.O.O@....O...@O:
0.499999
1.58114
13;
OOO..@..@-@:
0.0976635
2.11957
7;
OOO..@..@-@.O:
0.173728
2.66887
8;
OOO..@..@-@.O@:
0.166666
2.04124
9;
OOO..@..@-@.O@O:
0.150375
1.73422
10;
OOO..@..@-@.O@OO:
0.363635
2.41209
11;
OOO..@..@-@.O@OO....O:
0.371428
2.1974
12;
OOO..@..@-@.O@OO....O...O:
0.363635
1.7056
13;
OOO..@..@-@.O@OO....O...O-:
0.363635
1.7056
14;
OOO..@..@-@.O.O:
0.234374
1.875
9;
OOO..@..@-@.O.O@:
0.441175
2.57248
10;
OOO..@..@-@.O.O@....O:
0.441175
2.57248
11;
OOO..@..@-@.O.O@....O...@:
0.433332
2.37346
12;
OOO..@..@-@.O.O@....O...@-:
0.476189
2.18218
13;
OOO..@..O-@:
0.0702393
1.63375
7;
OOO..@..O-@..@:
0.228069
1.72189
8;
OOO..@..O-...O:
0.437499
1.75
7;
OOO..@..O-...OO:
0.461537
1.6641
8;
OOO..@..O-...OO.....O:
0.461537
1.6641
9;
OOO..@..O-...OO.....O@:
0.461537
1.6641
10;
OOO..@..O-...OO.....O@..@:
0.461537
1.6641
11;
OOO..@..O-...OO.....O@..@-:
0.461537
1.6641
12;
OOO..@..O-...OO.....O@..@-..O:
0.461537
1.6641
13;
OOO..@..O-...OO.....O@..@-..O@:
0.461537
1.6641
14;
OOO..@..O-...OO.....O@..@-..O@......O:
0.461537
1.6641
15;
OOO..O..O.-:
0.173076
2.16173
6;
OOO..O..O.-.O:
0.171641
1.9869
7;
OOO..O..O.-.O@:
0.333332
2.51661
8;
OOO..O..O.-.O@.@:
0.45238
2.93176
9;
OOO......@-..OO:
0.380951
1.74574
7;
OOO......@-..OOO:
0.399999
1.78885
8;
OOO......-@.O.OO:
0.374999
1.5
8;
OO.@:
0.0106695
7.19906
3;
OO.@@:
0.0458733
10.3164
4;
OO.@@.@:
0.0579293
4.88541
5;
OO.@@.@.@:
0.0423313
1.49787
6;
OO.@@.@.O:
0.0504648
1.81115
6;
OO.@@.@.O@:
0.091953
1.48556
7;
OO.@@.@..@:
0.0740731
1.63299
6;
OO.@@.@.-:
0.26923
1.94145
6;
OO.@@.@.-@:
0.310344
1.67126
7;
OO.@@.O:
0.0387587
3.08158
5;
OO.@@.O.@:
0.0749533
1.75303
6;
OO.@@.O.O:
0.0367473
1.55737
6;
OO.@@.O.O@:
0.0606051
1.4771
7;
OO.@@...O:
0.0571254
2.37813
5;
OO.@@...-:
0.208588
2.66308
5;
OO.@..@.-@.@:
0.999999
1.73205
7;
OO.O@.@:
0.0261947
3.55335
5;
OO.O@.@.@:
0.0339796
1.61756
6;
OO.O@.@.@O:
0.0439846
1.46809
7;
OO.O@.@.@O.-:
0.371428
3.80601
8;
OO.O@.@.@O.-@:
0.449999
2.01246
9;
OO.O@.@.@O.-..@:
0.351851
2.58557
9;
OO.O@.@.O@:
0.0629361
1.50523
7;
OO.O@.@..@:
0.124776
2.9554
6;
OO.O@.@.-:
0.131753
4.27946
6;
OO.O@.@.-@:
0.175096
3.96973
7;
OO.O@.@.-@.-:
0.242235
4.34677
8;
OO.O@.@.-@.-@:
0.186812
1.78208
9;
OO.O@.@.-@.-@.O:
0.519999
2.6
10;
OO.O@.@.-@.-O:
0.298506
2.44339
8;
OO.O@.@.-@.-O.....-.O.-.-@..@:
0.349999
1.56525
11;
OO.O@.@.-@.-O.....-.O.-.-@..@.O:
0.349999
1.56525
12;
OO.O@.@.-@.-..@:
0.42857
1.60357
9;
OO.O@.@.-@.-..@.O:
0.42857
1.60357
10;
OO.O@.@.-@.-..O:
0.333332
1.73205
8;
OO.O@.@.-@.-..O.@:
0.416666
1.44337
10;
OO.O@.@.-@.--.O:
0.444443
1.88562
8;
OO.O@.@.-@.--...O:
0.399999
1.54919
8;
OO.O@.@.-O:
0.125355
2.34855
7;
OO.O@.@.-O.@:
0.381817
4.00454
8;
OO.O@.@.-O.@@:
0.313724
2.24045
9;
OO.O@.@.-O.@@.@:
0.399999
2
10;
OO.O@.O.@@.-:
0.075066
1.44978
8;
OO.O@.O.@..O@:
0.363635
1.7056
8;
OO.O@.O.@..O@.O:
0.499999
2
9;
OO.O@.O..@.-..-:
0.449999
2.84605
8;
OO.O@.O..@.-..-.@:
0.454544
1.50756
9;
OO.O@...@@.-:
0.168167
3.06878
7;
OO.O@...@@.-@:
0.232557
2.15665
8;
OO.O@...@@.-@...O:
0.282608
1.91674
9;
OO.O@...@@.-@...O.O:
0.282608
1.91674
10;
OO.O@...@@.-@...O.O...O:
0.444443
2.3094
11;
OO.O@...@@.-O:
0.382715
3.44444
8;
OO.O@...@@.-O.@:
0.385713
3.22712
9;
OO.O@...@@.-O.@.O:
0.391303
3.25042
10;
OO.O@...@@.-O.@.O.O:
0.396824
3.1497
11;
OO.O@...@@.-O.@.O.O.@:
0.444443
1.88562
12;
OO.O@...@@.-O.@.O.O...O:
0.392856
2.0788
12;
OO.O@...@O.-:
0.0811956
1.75655
7;
OO.O@...@O.-..@...O:
0.399999
1.54919
9;
OO.O@...@O.-..O:
0.363635
2.08893
8;
OO.O@...@O.-..O.....@:
0.416666
1.44337
9;
OO.O@...@O.-..O.....@.@:
0.416666
1.44337
10;
OO.O@...@O.-..O.....@.@.-:
0.416666
1.44337
11;
OO.O@....@.-..-:
0.499999
1.58114
7;
OO.O@....@.-..-.O:
0.499999
1.58114
8;
OO.OO.@.-@.@:
0.0829258
1.67914
8;
OO.OO.@.-@.@O:
0.152317
1.87171
9;
OO.OO.@.-@.@O.O.@...@:
0.499999
1.58114
12;
OO.OO.@.-@.@O.O.@...@.@:
0.499999
1.58114
13;
OO.OO...-O..@:
0.416666
2.04124
7;
OO.OO...-O..@.@:
0.454544
2.13201
8;
OO.OO...-O..@.@.O:
0.454544
2.13201
9;
OO.OO...-O..@.@.O...@:
0.449999
2.01246
10;
OO.O..@.@O.@:
0.108373
1.5441
7;
OO.O..@.@O.@O:
0.164556
1.46261
8;
OO.O..@.@O.@O.O:
0.235293
1.68034
9;
OO.O..@.@O.@O.O.O:
0.255318
1.75038
10;
OO.O..@.@O.@O.O.O.@:
0.272726
1.80907
11;
OO.O..@.@O.@O.O.O.@.O:
0.272726
1.80907
12;
OO.O..@.@O.@O.O.O.@.O.@:
0.272726
1.80907
13;
OO.O..@.@O.@O.O.O.@.O.@.@:
0.272726
1.80907
14;
OO.O..@.-:
0.0219574
1.72174
5;
OO.O..@.-@.@:
0.150724
2.79958
7;
OO.O..@.-@.@O:
0.145984
2.41649
8;
OO.O..@.-@.@O.O:
0.242423
3.11399
9;
OO.O..@.-@.@O.O.@:
0.358208
2.93207
10;
OO.O..@.-@.@O.O.@.O:
0.425531
2.9173
11;
OO.O..@.-@.@O.O...@:
0.209676
1.651
10;
OO.O..@.-@.@O.O...@.O:
0.209676
1.651
11;
OO.O..@.-@.@O.O...@.O...-:
0.476189
2.18218
12;
OO.O..@.-@.@O.O...@.O...-@:
0.476189
2.18218
13;
OO.O..@.-@.@..O:
0.388888
1.64991
8;
OO.O..@.-@.@..O.@:
0.416666
1.44337
9;
OO.O..@.-O.@:
0.101204
2.0617
7;
OO.O....@O.-..O...O:
0.461537
1.6641
8;
OO.O....@O.-..O...O.@:
0.461537
1.6641
9;
OO.O....@O.-..O...O.@.O:
0.461537
1.6641
10;
OO.O....@O.-..O...O.@.O..@:
0.461537
1.6641
11;
OO.O....@O.-..O...O.@.O..@.-:
0.461537
1.6641
12;
OO.O....@O.-..O...O.@.O..@.-..@:
0.461537
1.6641
13;
OO.O....@O.-..O...O.@.O..@.-..@.O:
0.461537
1.6641
14;
OO.O....@O.-..O...O.@.O..@.-..@.O.....-.O:
0.461537
1.6641
15;
OO.O....-O.@O...O:
0.461537
1.6641
8;
OO.O....-O.@O...O...O:
0.461537
1.6641
9;
OO.O....-O.@O...O...O.@:
0.461537
1.6641
10;
OO.O....-O.@O...O...O.@.-:
0.461537
1.6641
11;
OO.O....-O.@O...O...O.@.-@:
0.461537
1.6641
12;
OO.O....-O.@O...O...O.@.-@....O:
0.461537
1.6641
13;
OO.O....-O.@O...O...O.@.-@....O.@:
0.461537
1.6641
14;
OO.O....-O.@O...O...O.@.-@....O.@.....O:
0.461537
1.6641
15;
OO..@:
0.0173417
13.076
3;
OO..@...@:
0.0536699
8.44563
4;
OO..@...@O:
0.0442268
4.36603
5;
OO..@...@O..@:
0.0272377
1.47617
6;
OO..@...@O....@.....@...--....O:
0.454544
1.50756
10;
OO..@...@O....@.....@...--....O.....@:
0.454544
1.50756
11;
OO..@...@O....@.....@...--....O.....@.@:
0.454544
1.50756
12;
OO..@...@O....@.....@...--....O.....@.@.....-O:
0.454544
1.50756
13;
OO..@...@O....@.....@...--....O.....@.@.....-O..@:
0.454544
1.50756
14;
OO..@...@O....@.....@...--....O.....@.@.....-O..@.......O:
0.454544
1.50756
15;
OO..@...@...@:
0.0706876
2.86354
5;
OO..@...@...@.O:
0.0902052
1.77685
6;
OO..@...@-:
0.0714276
2.43486
5;
OO..@...@-..@:
0.232322
2.31159
6;
OO..@...@-..@.O:
0.529411
3.08697
7;
OO..@...@-..@.O.....@:
0.515151
2.95932
8;
OO..@...@-..@.O.....@....-:
0.499999
2
9;
OO..@...@-..@.O.....@....-..@:
0.499999
2
10;
OO..@...@-..@.O.....@....-..@.O:
0.499999
2
11;
OO..@...@-..@.O.....@...-:
0.529411
2.18282
9;
OO..@...@-..O.......O:
0.416666
1.44337
7;
OO..@...@-..O...........@:
0.454544
1.50756
7;
OO..@...@-..O...........@-:
0.454544
1.50756
8;
OO..@...@-..O...........@-..O:
0.454544
1.50756
9;
OO..@...@-..O...........@-..O.O:
0.454544
1.50756
10;
OO..@...@-..O...........@-..O.O.....O:
0.454544
1.50756
11;
OO..@...@-..O...........@-..O.O.....O.O:
0.454544
1.50756
12;
OO..@...@-..O...........@-..O.O.....O.O.....--..@:
0.454544
1.50756
13;
OO..@...@-..O...........@-..O.O.....O.O.....--..@.@:
0.454544
1.50756
14;
OO..@...@-..O...........@-..O.O.....O.O.....--..@.@.....O:
0.454544
1.50756
15;
OO..@...O:
0.0252983
5.71059
4;
OO..@...O@:
0.0410103
4.11056
5;
OO..@...O@..@:
0.0431434
2.25633
6;
OO..@...O@..@.O:
0.0835108
1.8047
7;
OO..@...O@..@.......@...--..O.......@:
0.454544
1.50756
11;
OO..@...O@..@.......@...--..O.......@.@:
0.454544
1.50756
12;
OO..@...O@..@.......@...--..O.......@.@.....O:
0.454544
1.50756
13;
OO..@...O@..@.......@...--..O.......@.@.....O-....@:
0.454544
1.50756
14;
OO..@...O@..@.......@...--..O.......@.@.....O-....@.....O:
0.454544
1.50756
15;
OO..@....@:
0.060754
6.30829
4;
OO..@....@..O:
0.0358662
1.55019
5;
OO..@....@..O.@:
0.0602827
1.75342
6;
OO..@....@....@:
0.0797711
1.49453
5;
OO..@.......O:
0.0406494
2.01619
4;
OO..@...-:
0.0470578
2.49234
4;
OO..@...-@:
0.0929441
2.77749
5;
OO..@...-@..@:
0.90909
3.01511
6;
OO..@...-@....O:
0.434782
2.08514
6;
OO..@...-@....O.....O:
0.416666
1.44337
7;
OO..@...-@....O.....O...-:
0.416666
1.44337
8;
OO..@...-@....O.........-:
0.454544
1.50756
7;
OO..@...-@....O.........-@:
0.454544
1.50756
8;
OO..@...-@....O.........-@..O:
0.454544
1.50756
9;
OO..@...-@....O.........-@..O.O:
0.454544
1.50756
10;
OO..@...-@....O.........-@..O.O.....O:
0.454544
1.50756
11;
OO..@...-@....O.........-@..O.O.....O.O:
0.454544
1.50756
12;
OO..@...-@....O.........-@..O.O.....O.O.....--..@:
0.454544
1.50756
13;
OO..@...-@....O.........-@..O.O.....O.O.....--..@.@:
0.454544
1.50756
14;
OO..@...-@....O.........-@..O.O.....O.O.....--..@.@.....O:
0.454544
1.50756
15;
OO....@:
0.0132112
2.75147
3;
OO......O...O...........@:
0.454544
2.13201
5;
OO......O...O...........@O:
0.454544
2.13201
6;
OO......O...O...........@O..O:
0.454544
2.13201
7;
OO......O...O...........@O..O.O:
0.454544
2.13201
8;
OO......O...O...........@O..O.O.....O:
0.454544
2.13201
9;
OO......O...O...........@O..O.O.....O.O:
0.454544
2.13201
10;
OO......O...O...........@O..O.O.....O.O.....@:
0.454544
2.13201
11;
OO......-...O...........-:
0.499999
2.44949
5;
OO......-...O...........--..O:
0.499999
2.44949
6;
OO.-@:
0.0130155
4.33542
4;
OO-.@:
0.0130902
4.40764
4;
O.@:
0.0184458
27.2083
2;
O.@@:
0.0112309
7.47897
3;
O.@@.@.O:
0.0444393
3.27263
5;
O.@@.@.O@:
0.0359666
1.59803
6;
O.@@.@.OO:
0.0663707
2.23111
6;
O.@@.@.O..O:
0.0673749
1.60009
6;
O.@@.O.O:
0.0403691
2.41108
5;
O.@@...O:
0.0837979
6.24231
4;
O.@@...OO:
0.0764239
2.12346
5;
O.@@...O-:
0.17647
1.45521
5;
O.@O:
0.020666
14.7878
3;
O.@O.@:
0.0258626
7.55177
4;
O.@O.@.@:
0.0275049
3.54932
5;
O.@O.@.@O:
0.0259424
2.32855
6;
O.@O.@.O:
0.0362498
4.0119
5;
O.@O.@.O@:
0.0339247
1.46196
6;
O.@O.@.OO:
0.032701
2.57017
6;
O.@O.@..@:
0.0579319
2.25789
5;
O.@O.@..O:
0.0250439
2.36326
5;
O.@O.O:
0.0226407
6.21686
4;
O.@O.O.@:
0.0353561
3.98439
5;
O.@O.O.@O:
0.0302062
1.61178
6;
O.@O...@:
0.0332982
4.29121
4;
O.@O...@...O:
0.04387
1.7272
5;
O.@O...O:
0.0316653
3.87016
4;
O.@O....@:
0.0409107
1.69228
4;
O.@O....-:
0.0742564
1.49255
4;
O.@..@:
0.0160791
8.17489
3;
O.@..@..@:
0.0129759
2.41921
4;
O.@..@..@.O:
0.0340209
1.95204
5;
O.@..@..O:
0.0206358
4.30726
4;
O.@..O:
0.0190966
10.1175
3;
O.@..O.O:
0.0455115
5.25605
4;
O.@..O..@:
0.0232813
2.84644
4;
O.@..O..O:
0.0133269
2.08444
4;
O.@.....O:
0.0225315
3.14511
3;
O.@.....O@:
0.0396697
1.45001
4;
O.@-:
0.0213182
7.8548
3;
O.@-.@:
0.0150757
2.94945
4;
O.@-.O:
0.0463633
5.85348
4;
O.O@:
0.0107433
7.30158
3;
O.O@.@:
0.0612606
9.20128
4;
O.O@.@.@:
0.0645389
4.11995
5;
O.O@.@.@@:
0.0518818
1.79353
6;
O.O@.@.@O:
0.0511769
1.79561
6;
O.O@.@.@O.@:
0.174999
1.56525
7;
O.O@.@.@-:
0.189872
1.68763
6;
O.O@.@.O:
0.0513337
2.99726
5;
O.O@.@.O@:
0.0750978
1.68931
6;
O.O@.@..O:
0.0449588
2.06668
5;
O.O@.@..-:
0.185896
2.32186
5;
O.OO.@.@:
0.0283888
3.04221
5;
O.OO.@.@@:
0.0400945
1.83522
6;
O.OO.@.@@.O:
0.0957973
2.33677
7;
O.OO.@.@@.O-:
0.389312
4.45589
8;
O.OO.@.@@.O-...@:
0.397589
3.62222
9;
O.OO.@.@..@:
0.139275
2.6389
6;
O.OO.@.@-:
0.0935559
3.14913
6;
O.OO.@.@-.@:
0.116053
2.6388
7;
O.OO.@.@-.@-:
0.161472
3.0338
8;
O.OO.@.@-.@-.@:
0.160713
1.70084
9;
O.OO.@.@-.@-.@.O:
0.499999
3
10;
O.OO.@.@-.@-.@.O.O:
0.545454
1.80907
11;
O.OO.@.@-.@-.O:
0.197182
1.66149
8;
O.OO.@.@-.@-.O...O:
0.529411
2.18282
10;
O.OO.@.@-.@-...@.O:
0.434782
2.08514
10;
O.OO.@.@-.@-...@.O......-..-.....O:
0.42857
1.60357
11;
O.OO.@.@-.@-...@.O......-..-.....O.O:
0.42857
1.60357
12;
O.OO.@.@-.@-...@.O......-..-.....O.O.@:
0.42857
1.60357
13;
O.OO.@.@-.@-...@.O......-..-.....O.O.@.....O:
0.42857
1.60357
14;
O.OO.@.@-.@-...@.O......-..-.....O.O.@.....O-..-.....O:
0.42857
1.60357
15;
O.OO.@.@-.@-...O:
0.343749
1.94454
8;
O.OO.@.@-.@-...O.@:
0.411764
1.69775
10;
O.OO.@.@-.O:
0.107041
2.01683
7;
O.OO.@.@-.O@:
0.433734
3.95151
8;
O.OO.@.@-.O@.@:
0.399999
1.78885
9;
O.OO.@.@-.O@.@.@:
0.444443
1.88562
10;
O.OO.@.O@.@-:
0.0851518
1.82235
8;
O.OO.@.O..@-...-:
0.444443
2.66667
8;
O.OO.@.O..@-...-.@:
0.444443
1.88562
9;
O.OO.@..@:
0.0130219
1.46587
5;
O.OO.@..@.@-:
0.206521
3.431
7;
O.OO.@..@.@-.@:
0.303029
3.01511
8;
O.OO.@..@.@-.@...O:
0.343749
2.75
9;
O.OO.@..@.@-.@...O.O:
0.343749
2.75
10;
O.OO.@..@.@-.@...O.O...O:
0.468084
3.20903
11;
O.OO.@..@.@-.O:
0.383332
2.96929
8;
O.OO.@..@.@-.O.@:
0.387754
2.71428
9;
O.OO.@..@.@-.O.@.O:
0.387754
2.71428
10;
O.OO.@..@.@-.O.@.O.O:
0.395348
2.59247
11;
O.OO.@..@.@-.O.@.O.O.@:
0.444443
1.88562
12;
O.OO.@..@.@-.O.@.O.O...O:
0.374999
1.83712
12;
O.OO.@..@.O:
0.0316144
1.51918
6;
O.OO.@..@.O@.@:
0.185184
1.66667
8;
O.OO.@..@.O@.@.O:
0.180555
1.53206
9;
O.OO.@..@.O@.@.O.O:
0.266666
1.78885
10;
O.OO.@..@.O-:
0.0936063
1.95905
7;
O.OO.@..@.O-...@...O:
0.454544
1.50756
9;
O.OO.@..@.O-...O:
0.391303
2.65395
8;
O.OO.@..@.O-...O.O:
0.391303
1.87663
9;
O.OO.O.@-.@@:
0.0801995
1.602
8;
O.OO.O.@-.@@.O:
0.166666
1.95789
9;
O.OO.O.@-.@@.O.O:
0.164834
1.57243
10;
O.OO.O.@-.@@.O.O.@:
0.255813
1.67748
11;
O.OO.O.@-.@@.O.O.@...@:
0.454544
1.50756
12;
O.OO.O.@-.@@.O.O.@...@.@:
0.454544
1.50756
13;
O.OO.O..-.O..@:
0.423076
2.15728
7;
O.OO.O..-.O..@.@:
0.458332
2.24536
8;
O.OO.O..-.O..@.@.O:
0.458332
2.24536
9;
O.OO.O..-.O..@.@.O...@:
0.449999
2.01246
10;
O.OO...@@.O@:
0.0977434
1.59416
7;
O.OO...@@.O@.O:
0.159999
1.6
8;
O.OO...@@.O@.O.O:
0.152173
1.4596
9;
O.OO...@@.O@.O.O.O:
0.272726
1.80907
10;
O.OO...@@.O@.O.O.O.@:
0.272726
1.80907
11;
O.OO...@@.O@.O.O.O.@.O:
0.272726
1.80907
12;
O.OO...@@.O@.O.O.O.@.O.@:
0.272726
1.80907
13;
O.OO...@@.O@.O.O.O.@.O.@@:
0.272726
1.80907
14;
O.OO...@-:
0.025479
1.90214
5;
O.OO...@-.@:
0.0363083
1.75678
6;
O.OO...@-.@@:
0.158808
3.18807
7;
O.OO...@-.@@.O:
0.216326
3.38604
8;
O.OO...@-.@@.O.O:
0.301135
3.99502
9;
O.OO...@-.@@.O.O.@:
0.310344
3.34252
10;
O.OO...@-.@@.O.O.@.O:
0.410958
3.51123
11;
O.OO...@-.@@.O.O.@.O.O:
0.421052
3.17888
12;
O.OO...@-.@@.O.O.@.O.O..-:
0.399999
2.96648
13;
O.OO...@-.@@.O.O.@.O.O..-.O:
0.390243
2.49878
14;
O.OO...@-.@@.O.O.@.O...@:
0.42857
1.60357
12;
O.OO...@-.@@.O.O.@.O...@-:
0.42857
1.60357
13;
O.OO...@-.@@.O.O.@.O...@-.O:
0.42857
1.60357
14;
O.OO...@-.@@.O.O.@.O...@-.O-...O:
0.42857
1.60357
15;
O.OO...@-.@@.O.O...@:
0.277777
2.04124
10;
O.OO...@-.@@.O.O...@.O:
0.277777
2.04124
11;
O.OO...@-.@@.O.O...@.O..-:
0.454544
2.13201
12;
O.OO...@-.@@.O.O...@.O..-.@:
0.454544
2.13201
13;
O.OO...@-.@@...O:
0.384614
1.96116
8;
O.OO...@-.@@...O.@:
0.399999
1.78885
9;
O.OO...@-.@@...O.@.O:
0.454544
1.50756
10;
O.OO...@-..@.O:
0.285713
1.51186
7;
O.OO...@-..@.O.O:
0.499999
1.58114
8;
O.OO...O..O-...O:
0.172839
1.55555
7;
O.OO...O..O-...O.@:
0.384614
1.96116
8;
O.OO...O..O-...O.@.@:
0.454544
2.13201
9;
O.OO....@.O-...O:
0.317072
2.03026
7;
O.OO....@.O-...O...O:
0.461537
2.35339
8;
O.OO....@.O-...O...O.@:
0.461537
2.35339
9;
O.OO....@.O-...O...O.@.O:
0.461537
2.35339
10;
O.OO....@.O-...O...O.@.O..@:
0.461537
2.35339
11;
O.OO....@.O-...O...O.@.O..@-:
0.461537
2.35339
12;
O.OO....@.O-...O...O.@.O..@-...@:
0.461537
2.35339
13;
O.OO....@.O-...O...O.@.O..@-...@.O:
0.461537
2.35339
14;
O.OO....@.O-...O...O.@.O..@-...@.O.....-.O:
0.461537
2.35339
15;
O.OO....-.O@.O...O:
0.461537
1.6641
8;
O.OO....-.O@.O...O...O:
0.461537
1.6641
9;
O.OO....-.O@.O...O...O.@:
0.461537
1.6641
10;
O.OO....-.O@.O...O...O.@-:
0.461537
1.6641
11;
O.OO....-.O@.O...O...O.@-.@:
0.461537
1.6641
12;
O.OO....-.O@.O...O...O.@-.@....O:
0.461537
1.6641
13;
O.OO....-.O@.O...O...O.@-.@....O.@:
0.461537
1.6641
14;
O.OO....-.O@.O...O...O.@-.@....O.@.....O:
0.461537
1.6641
15;
O.O..@:
0.0241003
13.2706
3;
O.O..@..@:
0.0548663
8.65095
4;
O.O..@..@.O:
0.0414535
3.43723
5;
O.O..@..@.O....@.....@..-.-....O:
0.454544
1.50756
10;
O.O..@..@.O....@.....@..-.-....O.....@:
0.454544
1.50756
11;
O.O..@..@.O....@.....@..-.-....O.....@.@:
0.454544
1.50756
12;
O.O..@..@.O....@.....@..-.-....O.....@.@....-.O:
0.454544
1.50756
13;
O.O..@..@.O....@.....@..-.-....O.....@.@....-.O..@:
0.454544
1.50756
14;
O.O..@..@.O....@.....@..-.-....O.....@.@....-.O..@.......O:
0.454544
1.50756
15;
O.O..@..@....@:
0.05623
1.44241
5;
O.O..@..@....@.O:
0.10465
1.68095
6;
O.O..@..@.-:
0.109022
3.07977
5;
O.O..@..@.-..@:
0.490195
3.5007
6;
O.O..@..@.-..@.O:
0.499999
3.53553
7;
O.O..@..@.-..@.O.....@:
0.479166
3.31976
8;
O.O..@..@.-..O.......O:
0.416666
1.44337
7;
O.O..@..O:
0.0240104
5.43231
4;
O.O..@..O.@:
0.0345788
2.9869
5;
O.O..@..O.@..@:
0.0504539
2.48103
6;
O.O..@..O.@..@.O:
0.0769221
1.56893
7;
O.O..@..O.@..@.......@..-:
0.384614
1.96116
8;
O.O..@..O.@..@.......@..-.-:
0.384614
1.96116
9;
O.O..@..O.@..@.......@..-.-..O:
0.384614
1.96116
10;
O.O..@..O.@..@.......@..-.-..O.......@:
0.454544
2.13201
11;
O.O..@..O.@..@.......@..-.-..O.......@.@:
0.454544
2.13201
12;
O.O..@..O.@..@.......@..-.-..O.......@.@....O:
0.454544
2.13201
13;
O.O..@..O.@..@.......@..-.-..O.......@.@....O.-....@:
0.454544
2.13201
14;
O.O..@..O.@..@.......@..-.-..O.......@.@....O.-....@.....O:
0.454544
2.13201
15;
O.O..@....@:
0.0634873
5.82261
4;
O.O..@....@..O:
0.0456646
1.64142
5;
O.O..@....@..O.@:
0.0702469
1.89279
6;
O.O..@.......O:
0.0484224
2.04069
4;
O.O..@..-:
0.0491914
2.56744
4;
O.O..@..-.@:
0.0752831
1.99751
5;
O.O..@..-.@....O:
0.454544
1.50756
6;
O.O..@..-.@....O........-:
0.454544
1.50756
7;
O.O..@..-.@....O........-.@:
0.454544
1.50756
8;
O.O..@..-.@....O........-.@..O:
0.454544
1.50756
9;
O.O..@..-.@....O........-.@..O.O:
0.454544
1.50756
10;
O.O..@..-.@....O........-.@..O.O.....O:
0.454544
1.50756
11;
O.O..@..-.@....O........-.@..O.O.....O.O:
0.454544
1.50756
12;
O.O..@..-.@....O........-.@..O.O.....O.O....-.-..@:
0.454544
1.50756
13;
O.O..@..-.@....O........-.@..O.O.....O.O....-.-..@.@:
0.454544
1.50756
14;
O.O..@..-.@....O........-.@..O.O.....O.O....-.-..@.@.....O:
0.454544
1.50756
15;
O.O.....O....O..........@:
0.454544
1.50756
5;
O.O.....O....O..........@.O:
0.454544
1.50756
6;
O.O.....O....O..........@.O..O:
0.454544
1.50756
7;
O.O.....O....O..........@.O..O.O:
0.454544
1.50756
8;
O.O.....O....O..........@.O..O.O.....O:
0.454544
1.50756
9;
O.O.....O....O..........@.O..O.O.....O.O:
0.454544
1.50756
10;
O.O.....O....O..........@.O..O.O.....O.O....@:
0.454544
1.50756
11;
O.O.......O....O........O.@:
0.454544
1.50756
6;
O.O.......O....O........O.@..O:
0.454544
1.50756
7;
O.O.......O....O........O.@..O.O:
0.454544
1.50756
8;
O.O.......O....O........O.@..O.O.....O:
0.454544
1.50756
9;
O.O.......O....O........O.@..O.O.....O.O:
0.454544
1.50756
10;
O.O.......O....O........O.@..O.O.....O.O....@:
0.454544
1.50756
11;
O.O.....-....O:
0.195121
1.7669
4;
O.O.....-....O..........-:
0.499999
2.82843
5;
O.O.....-....O..........-.-..O:
0.499999
2.82843
6;
O.O.....-....O..........-.-..O.......O:
0.499999
2
7;
O.O.....-....O..........-.-..O.......O.O:
0.499999
2
8;
O.O-.@:
0.0189588
3.81342
4;
O..@@:
0.0167573
6.27551
3;
O..@@.O:
0.0345537
2.26906
4;
O..@@...O:
0.0379285
3.10999
4;
O..@.@:
0.0171831
4.64577
3;
O..@.@.O:
0.0409666
2.07403
4;
O..@.@..O:
0.03896
3.27921
4;
O..@..O:
0.0214297
5.07963
3;
O..@...O:
0.027479
4.88673
3;
O..O@:
0.0124395
5.75362
3;
O..O@.@:
0.0181703
2.9193
4;
O..O@.@.@:
0.04052
1.50638
5;
O..O@...@:
0.054866
4.268
4;
O..O.@:
0.0147605
4.96207
3;
O..O.@.@:
0.0247702
3.06403
4;
O..O.@.@@:
0.0350075
1.47327
5;
O..O.@.O@:
0.029215
1.51923
5;
O..O.@..@:
0.0603165
4.54187
4;
O..O..@:
0.0153743
3.99879
3;
O..O...@:
0.0186934
3.85998
3;
O...@:
0.0413866
26.48
2;
O...@.@:
0.0274423
6.05963
3;
O....@:
0.0492908
25.1106
2;
O....@.@:
0.0331026
5.83357
3;
O....@..@:
0.0455366
9.35051
3;
O..-@:
0.0229183
10.2231
3;
O..-.@:
0.0245615
8.60129
3;
O.-:
0.010088
6.84862
2;
O-:
0.0116002
12.1759
2;
O-@:
0.0278692
12.4101
3;
O-@.@:
0.0653051
1.77051
4;
O-@.-@:
0.0417294
7.07942
4;
O-@.-O:
0.0188593
5.15136
4;
O-O.-@:
0.0132153
4.38969
4;
O-..@@:
0.387096
2.15526
4;
.@@@..O:
0.012821
3.9551
4;
.@@@..O@.@OO....@:
0.799999
1.78885
9;
.@@@..OO:
0.104319
10.456
5;
.@@@..OO.@:
0.0683686
3.5275
6;
.@@@..OO.O:
0.0814071
2.45442
6;
.@@@..OO..@:
0.10845
2.88976
6;
.@@@..OO..@O:
0.36111
4.84481
7;
.@@@..OO..O:
0.116465
1.8378
6;
.@@@..OO..-:
0.249999
2.82843
6;
.@@@..OO..-O:
0.731706
4.68521
7;
.@@@..OO.-:
0.0489335
1.74182
6;
.@@@..OO.-.O:
0.76923
4.80384
7;
.@@O:
0.017805
12.8643
3;
.@@O..@:
0.0200906
4.14468
4;
.@@O..@@:
0.0177579
2.07308
5;
.@@O..@O:
0.0281774
3.27658
5;
.@@O..@O.@:
0.038807
1.47419
6;
.@@O..@O.O:
0.076224
1.78926
6;
.@@O..@O..-@:
0.799999
1.78885
7;
.@@O..O:
0.0233343
5.20502
4;
.@@O..O@:
0.0294018
3.36453
5;
.@@O..O@.@:
0.0303778
1.60692
6;
.@@O..O@.-:
0.116021
1.56092
6;
.@@O..O@.-O:
0.624999
1.76777
7;
.@@O..O@.-OO:
0.999999
2
8;
.@@O..O@.-.@:
0.777777
2.33333
7;
.@@O..OO:
0.012322
1.70174
5;
.@@O..O..@:
0.0266657
1.46059
5;
.@@O..O..-:
0.17647
2.05798
5;
.@@O...@:
0.0154481
1.95344
4;
.@@O...O:
0.0298371
4.095
4;
.@@O.....@:
0.0793348
3.19911
4;
.@@O.....-:
0.214952
2.22349
4;
.@@.OO:
0.0140042
3.13331
4;
.@@.OO..O:
0.0256238
1.4407
5;
.@@.OO...O:
0.0509249
1.6736
5;
.@@.OO...O@:
0.0815037
1.45572
6;
.@@.O...OO-:
0.624999
1.76777
6;
.@@.O....O:
0.023356
1.54351
4;
.@@..O..O-O:
0.833332
2.88675
6;
.@@...OO:
0.0164026
2.18857
4;
.@@...O..O:
0.0240929
1.69327
4;
.@@...O..O-:
0.42857
1.60357
5;
.@@...O..O-O:
0.714285
1.88982
6;
.@@....O.-O:
0.545454
1.80907
5;
.@@....O.-OO:
0.624999
1.76777
6;
.@O@:
0.0110957
7.49625
3;
.@O@..O:
0.057386
6.9965
4;
.@O@..O@:
0.0447724
3.29168
5;
.@O@..O@.O.@:
0.749999
1.5
7;
.@O@..OO:
0.0429505
2.58852
5;
.@O@..O..@:
0.0557512
1.87414
5;
.@O@..O..O:
0.105415
3.38974
5;
.@OO:
0.0106428
7.25489
3;
.@OO..@:
0.0123207
2.79719
4;
.@OO..@@:
0.0665156
4.20635
5;
.@OO..@@.O:
0.114649
2.0316
6;
.@OO..O@:
0.0488855
2.96641
5;
.@OO..O@.@:
0.105931
1.62736
6;
.@OO...@:
0.0897207
7.19509
4;
.@OO...@.@:
0.0628009
1.56502
5;
.@OO...@.O:
0.0712634
1.48634
5;
.@O.@@:
0.0105862
2.58671
4;
.@O.O:
0.0161945
6.23582
3;
.@O.O@:
0.0335718
3.01633
4;
.@O..@:
0.0199343
5.39495
3;
.@O...O:
0.0213829
4.86538
3;
.@O...O@:
0.0390047
1.99464
4;
.@O...O..@:
0.0261668
1.6733
4;
.@O....@:
0.0221642
3.81318
3;
.@.@O:
0.0195198
6.70059
3;
.@.@O.O:
0.110985
13.6346
4;
.@.@O.O.O:
0.0577357
1.69907
5;
.@.@..O:
0.015587
7.73881
3;
.@.@..O..O:
0.0295914
4.23823
4;
.@.O:
0.0203118
21.0138
2;
.@.OO:
0.0514749
13.694
3;
.@.OO.O:
0.0331904
5.0357
4;
.@.OO.O.O@:
0.0874694
1.799
6;
.@.OO.O.O@.@:
0.18421
1.60591
7;
.@.O..@:
0.0166763
7.19373
3;
.@.O..@..@:
0.0151209
2.02436
4;
.@.O..@..@-:
0.0712521
1.43748
5;
.@.O..@..O:
0.0334513
3.31245
4;
.@.O..O:
0.0271804
11.4236
3;
.@.O..O..@:
0.0393302
6.73999
4;
.@.O..O..@.O....@.@...O..O:
0.799999
1.78885
9;
.@.O..O..O:
0.0153638
2.42267
4;
.@..O:
0.0361442
22.7413
2;
.@..O...O:
0.0258153
3.89946
3;
.@..O...OO:
0.0203783
1.43468
4;
.@.-O:
0.0152961
3.14841
3;
.@.-..O:
0.0449615
1.5582
3;
.@-O:
0.0267241
9.79642
3;
.@-.O:
0.014121
6.1749
3;
.O@@:
0.0108813
7.38746
3;
.O@@..@O:
0.0487592
3.37785
5;
.O@@..@O.O:
0.083681
1.82956
6;
.O@@..@O..-:
0.399999
1.78885
6;
.O@@..OO:
0.047632
2.78643
5;
.O@@...O:
0.0826964
6.20782
4;
.O@@...O.O:
0.0654196
1.65761
5;
.O@O:
0.0105986
7.16698
3;
.O@O..@:
0.0732758
8.75067
4;
.O@O..@@:
0.0619251
4.03566
5;
.O@O..@@.O:
0.0565207
1.4847
6;
.O@O..@O:
0.0450694
2.81645
5;
.O@O..@..O:
0.0705477
2.10821
5;
.O@O..@..-:
0.42857
2.77746
5;
.O@.@:
0.0168652
6.33174
3;
.O@.@@:
0.010493
2.56714
4;
.O@.@O:
0.0346277
3.05774
4;
.O@..O:
0.0208701
5.717
3;
.O@...@:
0.0174924
3.83105
3;
.O@...@O:
0.0410949
2.1358
4;
.O@...@..O:
0.0401911
2.52795
4;
.O@....O:
0.0270568
5.00555
3;
.OO@:
0.0205385
14.6897
3;
.OO@..@:
0.0308225
6.68536
4;
.OO@..@@:
0.0262425
3.50456
5;
.OO@..@@.O:
0.0271568
1.65618
6;
.OO@..@O:
0.0354543
3.94972
5;
.OO@..@O.O:
0.042561
2.09377
6;
.OO@..@O.O@:
0.105262
1.45095
7;
.OO@..@..@:
0.0797862
2.18797
5;
.OO@..@..O:
0.0399103
2.2425
5;
.OO@..O:
0.0272923
5.41666
4;
.OO@..O@:
0.0360983
3.94904
5;
.OO@..O@.@:
0.0667929
1.52898
6;
.OO@..OO:
0.0135623
1.48231
5;
.OO@...@:
0.0337692
4.2545
4;
.OO@...@..O:
0.048912
2.09813
5;
.OO@...O:
0.0302795
3.84801
4;
.OO@.....-:
0.196969
1.60019
4;
.OOO..@@:
0.0305061
3.06532
5;
.OOO..@@.@-:
0.17647
1.78226
7;
.OOO..@@.@-O:
0.340908
2.26133
8;
.OOO..@@.@-O....@:
0.499999
1.73205
9;
.OOO..@@.-:
0.120369
3.75278
6;
.OOO..@@.-@:
0.233332
3.13049
7;
.OOO..@@.-@O:
0.365384
3.72621
8;
.OOO..@@.-@O....@:
0.291666
2.02072
9;
.OOO..@@.-@O....@@:
0.444443
1.88562
10;
.OOO..@@.-O@....O:
0.416666
1.44337
9;
.OOO..@@.--:
0.120353
2.86078
7;
.OOO..@@.--@:
0.200589
3.69325
7;
.OOO..@@.--@....O:
0.351999
3.93548
8;
.OOO..@@.--@....O@:
0.499999
1.58114
10;
.OOO..@@.--@....OO:
0.499999
1.73205
10;
.OOO..@@.--@....O-....O:
0.341462
2.18643
9;
.OOO..@@.--@....O-....O-.-.@:
0.341462
2.18643
10;
.OOO..@@.--@....O-....O-.-.@....@:
0.349999
2.21359
11;
.OOO..@@.--@....O-....O-.-.@....@.O:
0.349999
2.21359
12;
.OOO..@@.--@....O-....O-.-.@....@.O@:
0.42857
1.60357
13;
.OOO..@@.--@....O-....O-.-.@....@.O@....@:
0.42857
1.60357
14;
.OOO..@@.--@....O-....O-.-.@....@.O@....@..-.-.O:
0.42857
1.60357
15;
.OOO..@@.--@....O-....O-.-.@....@.O.....@:
0.307691
1.56893
13;
.OOO..@O.@:
0.0332228
1.73878
6;
.OOO..@O.@@:
0.0649596
1.46414
7;
.OOO..@O.@@O:
0.12558
1.84138
8;
.OOO..@O..-@.....@:
0.466666
1.80739
8;
.OOO..@O..-@.....@-:
0.466666
1.80739
9;
.OOO..@..@:
0.0181943
1.496
5;
.OOO..@..@@O....@:
0.416666
2.04124
8;
.OOO..@..@@O....@O:
0.391303
1.87663
9;
.OOO..@..@@O....@OO:
0.391303
1.87663
10;
.OOO..@..@@O....@OOO:
0.363635
1.7056
11;
.OOO..@..@@O....@OOO..@:
0.363635
1.7056
12;
.OOO..@..@@O....@OOO..@O:
0.363635
1.7056
13;
.OOO..@..@O@....@O.O...O:
0.499999
1.58114
11;
.OOO..@..@-:
0.0871638
2.81638
6;
.OOO..@..@-@:
0.0925498
1.94797
7;
.OOO..@..@-@....@:
0.19178
1.63858
8;
.OOO..@..@-@....O:
0.396551
3.02005
8;
.OOO..@..@-@....OO:
0.387754
2.71428
9;
.OOO..@..@-@....OO@:
0.386363
2.56285
10;
.OOO..@..@-@....OO@O:
0.386363
2.56285
11;
.OOO..@..@-@....OO@O...O:
0.384614
1.96116
12;
.OOO..@..@-O:
0.0976243
1.90056
7;
.OOO..@..@-O......O:
0.416666
1.44337
8;
.OOO..@..@-O......O...@:
0.454544
1.50756
9;
.OOO..@..@-O......O...@@:
0.454544
1.50756
10;
.OOO..@..@-O......O...@@.-:
0.454544
1.50756
11;
.OOO..O@.@@:
0.0862059
1.9696
7;
.OOO..O@.@@O:
0.167363
2.58738
8;
.OOO..O@.O@@....O:
0.439999
2.2
9;
.OOO..O@.-.@....@:
0.249999
1.80277
8;
.OOO..O..-.O....@:
0.40909
1.91881
7;
.OOO..O..-.O....@.@:
0.449999
2.01246
8;
.OOO..O..-.O....@.@O:
0.449999
2.01246
9;
.OOO..O..-.O....@.@O..@:
0.449999
2.01246
10;
.OOO...@.@@O....O@:
0.416666
1.44337
9;
.OOO...@.O@@....O:
0.304347
1.4596
8;
.OOO...@.O@@....O@:
0.42857
1.60357
9;
.OOO...@.O@@....O@O:
0.42857
1.60357
10;
.OOO...@.O@@....O@O...O:
0.499999
1.58114
11;
.OOO...@.O@@....O@O...O..O:
0.499999
1.58114
12;
.OOO...@.O@O....O:
0.272726
1.5667
8;
.OOO...@.O@O....O@O:
0.461537
1.6641
10;
.OOO...@.-:
0.0247698
1.77367
5;
.OOO...@.-@:
0.0951913
3.06986
6;
.OOO...@.-@@:
0.11439
1.88311
7;
.OOO...@.-@@....O@:
0.241378
1.83829
9;
.OOO...@.-@@....O@O:
0.241378
1.83829
10;
.OOO...@.-@O:
0.109277
2.40661
7;
.OOO...@.-@O....O:
0.0879469
1.54097
8;
.OOO...@.-@O....O..@:
0.449999
2.01246
9;
.OOO...@.-@O....O..@..O:
0.444443
1.88562
10;
.OOO...@.-@O.......O:
0.454544
2.13201
8;
.OOO...@.-@O.......O..@:
0.454544
2.13201
9;
.OOO...@.-@O.......O..@@:
0.454544
2.13201
10;
.OOO...@.-@O.......O..@@.-:
0.454544
2.13201
11;
.OOO...@.-.O....O..O:
0.461537
1.6641
8;
.OOO...@.-.O....O..O..O:
0.461537
1.6641
9;
.OOO...@.-.O....O..O..O@:
0.461537
1.6641
10;
.OOO...@.-.O....O..O..O@.-:
0.461537
1.6641
11;
.OOO...@.-.O....O..O..O@.-.@:
0.461537
1.6641
12;
.OOO...@.-.O....O..O..O@.-.@......O:
0.461537
1.6641
13;
.OOO...@.-.O....O..O..O@.-.@......O@:
0.461537
1.6641
14;
.OOO...@.-.O....O..O..O@.-.@......O@......O:
0.461537
1.6641
15;
.OOO.....@-.....OO.O:
0.374999
1.5
8;
.OO.@:
0.0130233
6.02593
3;
.OO.@@:
0.0155808
3.56796
4;
.OO.@....@:
0.0883454
5.1824
4;
.OO..@:
0.0138909
4.35458
3;
.OO...@:
0.0165562
4.56388
3;
.OO...@@:
0.0217093
2.79566
4;
.OO...@..@:
0.0655074
3.88161
4;
.OO....@:
0.0174821
3.54053
3;
.O.@:
0.020109
20.8127
2;
.O.@@:
0.0627583
16.9336
3;
.O.@@.@:
0.0428438
6.35968
4;
.O.@@.@.@:
0.0363065
1.8474
5;
.O.@@.O:
0.119442
10.8081
4;
.O.@@.O.@:
0.117707
3.64706
5;
.O.@..@:
0.0178491
7.59315
3;
.O.@..@O:
0.148198
10.5918
4;
.O.@..@O.@:
0.152386
5.95871
5;
.O.@..@..@:
0.0118776
1.94661
4;
.O.@..@..@.O:
0.0326236
1.70399
5;
.O.@..@..O:
0.0204671
3.56234
4;
.O.@..@....O:
0.0340289
1.96962
4;
.O.@..O:
0.0254488
10.7585
3;
.O.@..O..@:
0.0256476
2.5774
4;
.O.@..O..O:
0.01142
1.49997
4;
.O.@.....-:
0.155737
2.4327
3;
.O.O..@:
0.0261419
12.8336
3;
.O.O..@..@:
0.0514561
6.79389
4;
.O.O..@..@.O:
0.0365774
2.6501
5;
.O.O..@..@.O....O:
0.0877733
1.5677
6;
.O.O..@..@.O......@...@..-.-......O:
0.454544
1.50756
10;
.O.O..@..@.O......@...@..-.-......O.....@:
0.454544
1.50756
11;
.O.O..@..@.O......@...@..-.-......O.....@.@:
0.454544
1.50756
12;
.O.O..@..@.O......@...@..-.-......O.....@.@..-.O:
0.454544
1.50756
13;
.O.O..@..@.O......@...@..-.-......O.....@.@..-.O....@:
0.454544
1.50756
14;
.O.O..@..@.O......@...@..-.-......O.....@.@..-.O....@.....O:
0.454544
1.50756
15;
.O.O..@..@......@:
0.104602
1.61711
5;
.O.O..@..@......@.O:
0.120689
1.592
6;
.O.O..@..@.-:
0.0804084
2.10298
5;
.O.O..@..@.-....O:
0.14074
1.63526
6;
.O.O..@..@.-....O.....O:
0.416666
1.44337
7;
.O.O..@..@.-....O........@:
0.454544
2.13201
7;
.O.O..@..@.-....O........@.-:
0.454544
2.13201
8;
.O.O..@..@.-....O........@.-....O:
0.454544
2.13201
9;
.O.O..@..@.-....O........@.-....O.O:
0.454544
2.13201
10;
.O.O..@..@.-....O........@.-....O.O.....O:
0.454544
2.13201
11;
.O.O..@..@.-....O........@.-....O.O.....O.O:
0.454544
2.13201
12;
.O.O..@..@.-....O........@.-....O.O.....O.O..-.-....@:
0.454544
2.13201
13;
.O.O..@..@.-....O........@.-....O.O.....O.O..-.-....@.@:
0.454544
2.13201
14;
.O.O..@..@.-....O........@.-....O.O.....O.O..-.-....@.@...O:
0.454544
2.13201
15;
.O.O..@..O:
0.0273062
4.99588
4;
.O.O..@..O.@:
0.0378647
2.73814
5;
.O.O..@..O.@....@:
0.0421712
1.75458
6;
.O.O..@....@:
0.0698532
5.36469
4;
.O.O..@....@@:
0.09756
1.65279
5;
.O.O..@....@....O:
0.065444
1.80894
5;
.O.O..@....@....O.@:
0.118986
2.36483
6;
.O.O..@..-:
0.0530868
2.28092
4;
.O.O..@..-.@:
0.0883524
2.41481
5;
.O.O..@..-.@....O:
0.416666
2.5
6;
.O.O..@..-.@....O.@:
0.468749
2.65165
7;
.O.O..@..-.@....O.@...@:
0.451612
2.51447
8;
.O.O..@..-.@....O.@...@..-:
0.451612
2.51447
9;
.O.O..@..-.@......O:
0.42857
2.53546
6;
.O.O..@..-.@......O...O:
0.416666
2.04124
7;
.O.O..@..-.@......O...O..-:
0.416666
2.04124
8;
.O.O..@..-.@......O...O..-.@:
0.444443
1.88562
9;
.O.O..@..-.@......O...O..-.@......@:
0.444443
1.88562
10;
.O.O..@..-.@......O...O..-.@......@.......O:
0.444443
1.88562
11;
.O.O..@..-.@......O...O..-.@......@.......O..-.-......@:
0.444443
1.88562
12;
.O.O..@..-.@......O...O..-.@......@.......O..-.-......@...O:
0.444443
1.88562
13;
.O.O..@..-.@......O...O..-.@......@.......O..-.-......@...O.......@:
0.444443
1.88562
14;
.O.O..@..-.@......O...O..-.@......@.......O..-.-......@...O.......@......-.....-..............@:
0.444443
1.88562
15;
.O.O..@..-.@......O......-:
0.454544
1.50756
7;
.O.O..@..-.@......O......-.@:
0.454544
1.50756
8;
.O.O..@..-.@......O......-.@....O:
0.454544
1.50756
9;
.O.O..@..-.@......O......-.@....O.O:
0.454544
1.50756
10;
.O.O..@..-.@......O......-.@....O.O.....O:
0.454544
1.50756
11;
.O.O..@..-.@......O......-.@....O.O.....O.O:
0.454544
1.50756
12;
.O.O..@..-.@......O......-.@....O.O.....O.O..-.-....@:
0.454544
1.50756
13;
.O.O..@..-.@......O......-.@....O.O.....O.O..-.-....@.@:
0.454544
1.50756
14;
.O.O..@..-.@......O......-.@....O.O.....O.O..-.-....@.@...O:
0.454544
1.50756
15;
.O.O...@:
0.0139958
2.11305
3;
.O.O...@.-:
0.140495
1.54545
4;
.O.O.....O......O........@:
0.454544
1.50756
5;
.O.O.....O......O........@.O:
0.454544
1.50756
6;
.O.O.....O......O........@.O....O:
0.454544
1.50756
7;
.O.O.....O......O........@.O....O.O:
0.454544
1.50756
8;
.O.O.....O......O........@.O....O.O.....O:
0.454544
1.50756
9;
.O.O.....O......O........@.O....O.O.....O.O:
0.454544
1.50756
10;
.O.O.....O......O........@.O....O.O.....O.O..@:
0.454544
1.50756
11;
.O.O.......O......O......O.@:
0.454544
1.50756
6;
.O.O.......O......O......O.@....O:
0.454544
1.50756
7;
.O.O.......O......O......O.@....O.O:
0.454544
1.50756
8;
.O.O.......O......O......O.@....O.O.....O:
0.454544
1.50756
9;
.O.O.......O......O......O.@....O.O.....O.O:
0.454544
1.50756
10;
.O.O.......O......O......O.@....O.O.....O.O..@:
0.454544
1.50756
11;
.O.O.......-......O:
0.499999
2
4;
.O..@:
0.0428148
27.0131
2;
.O..@.....-:
0.136242
6.99365
3;
.O....@:
0.0544181
24.532
2;
.O....@@:
0.0325425
5.68469
3;
.O.-:
0.0119601
6.66598
2;
.O.-@:
0.0577676
12.5098
3;
.O-@:
0.0206543
7.78212
3;
.O-.@:
0.025267
11.248
3;
..@@.O:
0.0271055
6.79828
3;
..@@.O.O:
0.141589
12.7549
4;
..@@.O.O-:
0.0668048
2.06775
5;
..@@..O:
0.0322732
6.29289
3;
..@@...O:
0.0184949
6.74125
3;
..@O:
0.0204237
21.1881
2;
..@O.O:
0.0632808
12.5502
3;
..@O.O.O:
0.0465845
5.35693
4;
..@O..@:
0.0908465
15.2085
3;
..@O..@....O:
0.307603
9.06257
4;
..@O...@:
0.0175237
6.45145
3;
..@O...@..@:
0.0131294
1.62456
4;
..@O...O:
0.0289404
10.7217
3;
..@O...O..@:
0.0424749
6.45843
4;
..@..O:
0.0437629
21.879
2;
..@..O..O:
0.0262037
4.07278
3;
..@..O....@:
0.0529934
7.99776
3;
..@....O:
0.0498112
18.5366
2;
..@....O..@:
0.0488273
7.56161
3;
..@-.O:
0.0196796
2.54458
3;
..O@:
0.0196878
20.4454
2;
..O@.@:
0.0775055
15.7954
3;
..O@.@.@:
0.0420967
5.20277
4;
..O@.@.@@:
0.0358842
1.79713
5;
..O@.@.O:
0.151725
10.6175
4;
..O@.@.O@:
0.117356
3.73704
5;
..O@.@.O..@:
0.0642368
2.07459
5;
..O@..O:
0.0818164
12.6666
3;
..O@..O@:
0.156087
10.8557
4;
..O@..O@.O:
0.0722882
1.6132
5;
..O@...@:
0.0169015
6.17784
3;
..O@...@O:
0.0134495
1.43455
4;
..O@...@..@:
0.0135975
1.90903
4;
..O@...@..O:
0.0204284
3.10526
4;
..O@...@...O:
0.0320895
1.83562
4;
..O@...@-:
0.0256689
2.65208
4;
..O@...@-.O:
0.0279629
1.63845
5;
..O@...O:
0.0278146
10.1476
3;
..O@...O..@:
0.0228729
2.11197
4;
..O@......-:
0.204999
2.89914
3;
..OO.@:
0.0190471
4.66604
3;
..OO.@.@:
0.0704629
5.81572
4;
..OO..@:
0.0203856
4.01569
3;
..OO...@:
0.0382916
14.0226
3;
..OO...@..@:
0.0548664
6.42768
4;
..OO...@..@O:
0.0380997
2.75355
5;
..OO...@..@-:
0.101835
2.49239
5;
..OO...@..@-.....O........@:
0.454544
1.50756
7;
..OO...@..@-.....O........@-:
0.454544
1.50756
8;
..OO...@..@-.....O........@-.....O:
0.454544
1.50756
9;
..OO...@..@-.....O........@-.....O.O:
0.454544
1.50756
10;
..OO...@..@-.....O........@-.....O.O.....O:
0.454544
1.50756
11;
..OO...@..@-.....O........@-.....O.O.....O.O:
0.454544
1.50756
12;
..OO...@..@-.....O........@-.....O.O.....O.O..--.....@:
0.454544
1.50756
13;
..OO...@..@-.....O........@-.....O.O.....O.O..--.....@.@:
0.454544
1.50756
14;
..OO...@..@-.....O........@-.....O.O.....O.O..--.....@.@...O:
0.454544
1.50756
15;
..OO...@..O:
0.0308482
4.84204
4;
..OO...@..O@:
0.0389271
2.89302
5;
..OO...@..-:
0.0673459
2.58212
4;
..OO...@..-@:
0.0832186
2.25309
5;
..OO...@..-@.....O:
0.388888
2.33333
6;
..OO...@..-@.....O.@:
0.451612
2.51447
7;
..OO...@..-@.....O.@...@:
0.451612
2.51447
8;
..OO...@..-@.....O.@...@..-:
0.451612
2.51447
9;
..OO...@..-@.......O:
0.434782
2.08514
6;
..OO...@..-@.......O......-:
0.454544
1.50756
7;
..OO...@..-@.......O......-@:
0.454544
1.50756
8;
..OO...@..-@.......O......-@.....O:
0.454544
1.50756
9;
..OO...@..-@.......O......-@.....O.O:
0.454544
1.50756
10;
..OO...@..-@.......O......-@.....O.O.....O:
0.454544
1.50756
11;
..OO...@..-@.......O......-@.....O.O.....O.O:
0.454544
1.50756
12;
..OO...@..-@.......O......-@.....O.O.....O.O..--.....@:
0.454544
1.50756
13;
..OO...@..-@.......O......-@.....O.O.....O.O..--.....@.@:
0.454544
1.50756
14;
..OO...@..-@.......O......-@.....O.O.....O.O..--.....@.@...O:
0.454544
1.50756
15;
..OO......O......O........@:
0.454544
1.50756
5;
..OO......O......O........@O:
0.454544
1.50756
6;
..OO......O......O........@O.....O:
0.454544
1.50756
7;
..OO......O......O........@O.....O.O:
0.454544
1.50756
8;
..OO......O......O........@O.....O.O.....O:
0.454544
1.50756
9;
..OO......O......O........@O.....O.O.....O.O:
0.454544
1.50756
10;
..OO......O......O........@O.....O.O.....O.O..@:
0.454544
1.50756
11;
..OO.......O.......O......O@:
0.454544
1.50756
6;
..OO.......O.......O......O@.....O:
0.454544
1.50756
7;
..OO.......O.......O......O@.....O.O:
0.454544
1.50756
8;
..OO.......O.......O......O@.....O.O.....O:
0.454544
1.50756
9;
..OO.......O.......O......O@.....O.O.....O.O:
0.454544
1.50756
10;
..OO.......O.......O......O@.....O.O.....O.O..@:
0.454544
1.50756
11;
..OO.......-.......O:
0.499999
2
4;
..O..@:
0.0535375
26.3473
2;
..O..@...-:
0.0891018
7.15157
3;
..O..@...-@:
0.0458603
1.93923
4;
..O...@:
0.0106657
5.06072
2;
..O...@@:
0.032255
5.67375
3;
..O....@:
0.0646376
23.9635
2;
..O....@..O:
0.0589933
9.66985
3;
..O....@..O@:
0.0579577
3.44696
4;
..O....@..O@.....@:
0.118764
2.43685
5;
..O....@..O@.....@.....@:
0.666666
1.63299
6;
..O....@..O@.....O:
0.0527017
1.43367
5;
..O....@...@:
0.043705
3.57242
3;
..O........@:
0.0188058
4.58951
2;
..O-:
0.0121595
6.70139
2;
..O-.@:
0.0858051
12.0171
3;
...@..O:
0.0457604
20.7876
2;
...@..O.O:
0.0263198
2.69039
3;
...@...O:
0.0498124
18.4506
2;
...@...O..O:
0.0269763
3.20598
3;
...@...O...@:
0.0568079
7.44999
3;
...@...O...@.@:
0.0650397
1.7669
4;
...O@.@:
0.030784
6.45861
3;
...O.@:
0.0106979
5.85027
2;
...O.@.@:
0.0336256
5.87947
3;
...O...@:
0.064485
24.259
2;
...O...@..@:
0.0444584
5.14328
3;
...O...@..@O:
0.0665015
3.79006
4;
...O...@..@O.......@:
0.160255
2.0016
5;
...O......@:
0.0163848
4.48938
2;
...-..@:
0.0528705
1.75115
2;
..-O:
0.0114667
6.34532
2;
..-..@:
0.0521935
2.14316
2;
.-@O:
0.0269289
9.78172
3;
.-@.-O:
0.0132909
5.80817
3;
.-O@:
0.0206397
7.75943
3;
.-O.-@:
0.0242555
10.7
3;
.-.O:
0.0119258
6.65104
2;
.-..@:
0.0214611
1.4354
2;
-@.O:
0.0215429
8.00313
3;
-@..O:
0.058039
3.25903
3;
-O:
0.011343
11.7782
2;
-O.@:
0.0267535
9.74569
3;
-O.@@:
0.0571419
1.51186
4;
-.@O:
0.0212147
7.86003
3;
-.O:
0.0127233
10.5884
2;
-.O@:
0.0265305
9.88242
3;
-...@:
0.0254415
1.52994
2;
