@@@.@O..@-O:
0.165288
1.81818
2732
8;
@@@.@O..@-O.O:
0.199999
1.54919
3999
9;
@@@.@O..@-O.OO:
0.312499
1.76777
9765
10;
@@@.@O..@-O.OOO:
0.499999
1.87083
24999
11;
@@@.@O...@O..@@:
0.391303
1.87663
15311
9;
@@@.O@..@O-:
0.156715
1.81412
2455
8;
@@@.O@..@O-.O:
0.233332
1.80739
5444
9;
@@@.O@..@O-.OO:
0.222221
1.49071
4938
10;
@@@.O@...O@.@..@:
0.42857
1.96396
18367
9;
@@@.OO:
0.025669
4.88339
65
5;
@@@.OO..@:
0.0293485
1.80494
86
6;
@@@.OO..@O:
0.0745803
1.91167
556
7;
@@@.OO..@O-:
0.238937
2.53995
5709
8;
@@@.OO..@O-.@:
0.459458
2.79478
21110
9;
@@@.OO..@-:
0.0950559
1.54157
903
7;
@@@.OO..@-O:
0.403508
3.04642
16281
8;
@@@.OO..@-O.@:
0.562499
2.25
31640
9;
@@@.OO..@-O.O:
0.461537
1.6641
21301
9;
@@@.OO..O:
0.0943531
4.79817
890
6;
@@@.OO..O@:
0.107764
2.70704
1161
7;
@@@.OO..O-:
0.091294
2.80203
833
7;
@@@.OO..O--:
0.0965136
2.63611
931
8;
@@@.OO..O--.@:
0.12857
2.15141
1653
8;
@@@.OO..O--.@..O:
0.299999
1.64317
8999
9;
@@@.OO..O--.@..O....@:
0.299999
1.64317
8999
11;
@@@.OO..O--.@..O....@...O:
0.42857
1.96396
18367
12;
@@@.OO..O--.@..O....@...O--.O:
0.42857
1.96396
18367
13;
@@@.OO..O--.@..-....@:
0.421052
1.83532
17728
9;
@@@.OO..O--.@..-....@-..O:
0.421052
1.83532
17728
10;
@@@.OO..O--.@..-....@-..O-..O:
0.444443
1.88562
19752
11;
@@@.OO..O--..@:
0.194443
2.02072
3780
8;
@@@.OO..O--..@O:
0.384614
2.40192
14792
9;
@@@.OO..O--..@O......@:
0.42857
1.96396
18367
11;
@@@.OO..O--..@O......@..O:
0.42857
1.96396
18367
12;
@@@.OO..O--..@O......@..O--..O:
0.42857
1.96396
18367
13;
@@@.O...@O-:
0.16842
2.84327
2836
7;
@@@.O...@O-.O:
0.205404
2.79381
4219
8;
@@@.O...@O-.O@:
0.215908
2.02541
4661
9;
@@@.O...@O-.O.@:
0.295081
2.30466
8707
9;
@@@.O...@O-.O.@@:
0.319148
2.18797
10185
10;
@@@.O...@O-.O.@@.....@:
0.499999
2.54951
24999
11;
@@@.O...@O-.O.@@.....@..O:
0.499999
2.54951
24999
12;
@@@.O...@O-.O.@@.....@..O-:
0.499999
2.54951
24999
13;
@@@.O...@O-.O.@@.....@..O--.O:
0.499999
2.54951
24999
14;
@@@.O...@O-.O.@@.....@..O--.O@:
0.499999
2.54951
24999
15;
@@@.O...OO-:
0.0873005
2.19125
762
7;
@@@.O...OO-.O:
0.0877587
1.82616
770
8;
@@@.O...OO-.O@.......@:
0.499999
1.58114
24999
10;
@@@.O...OO-.O@.......@..O:
0.499999
1.58114
24999
11;
@@@.O...OO-.O@.......@..O-:
0.499999
1.58114
24999
12;
@@@.O...OO-..@:
0.173332
1.50111
3004
8;
@@@.O...OO-..@.@:
0.359999
1.8
12959
9;
@@@.O...OO-..@.@....O:
0.318181
1.4924
10123
10;
@@@.O...OO-..@.@....O@:
0.499999
1.58114
24999
11;
@@@.O...OO-..@.@....O@..O:
0.499999
1.58114
24999
12;
@@@.O...OO-..@.@....O@..O@:
0.499999
1.58114
24999
13;
@@@.O...OO-..@.@....O@..O@-..@:
0.499999
1.58114
24999
14;
@@@..O..@-:
0.0415324
1.64307
172
6;
@@@..O..@-O:
0.170587
3.14549
2909
7;
@@@..O..@-O.@:
0.149122
2.2517
2223
8;
@@@..O..@-O.@O:
0.260416
2.55155
6781
9;
@@@..O..@-O.@O@:
0.246153
1.98455
6059
10;
@@@..O..@-O.@O@.....O:
0.388888
1.64991
15123
11;
@@@..O..@-O.@O@.....OO:
0.388888
1.64991
15123
12;
@@@..O..@-O.@O@.....OO..O:
0.388888
1.64991
15123
13;
@@@..O..@-O..O:
0.261537
2.10859
6840
8;
@@@..O..@-O..O@:
0.270832
1.87639
7334
9;
@@@..O..@-O..O@@:
0.499999
2.54951
24999
10;
@@@..O..@-O..O@@....@:
0.499999
2.54951
24999
11;
@@@..O..@-O..O@@....@...O:
0.499999
2.54951
24999
12;
@@@..O..@-O..O@@....@...O-:
0.499999
2.54951
24999
13;
@@@..O..@-O..O@@....@...O--.@:
0.499999
2.54951
24999
14;
@@@..O..@-O..O@@....@...O--.@O:
0.499999
2.54951
24999
15;
@@@..O..O-O:
0.0905649
2.08499
820
7;
@@@..O..O-O.@:
0.0890258
1.95657
792
8;
@@@..O..O-O.@O@.....@:
0.437499
1.75
19140
11;
@@@..O..O-O.@O......@:
0.499999
1.58114
24999
10;
@@@..O..O-O.@O......@...O:
0.499999
1.58114
24999
11;
@@@..O..O-O.@.@:
0.468749
2.65165
21972
9;
@@@..O..O-O.@.@.....@:
0.538461
1.94145
28994
10;
@@@..O..O-O.@.@.....@O:
0.499999
1.58114
24999
11;
@@@..O..O-O.@.@.....@O..O:
0.499999
1.58114
24999
12;
@@@..O..O-O.@.@.....@O..O-@:
0.499999
1.58114
24999
13;
@@@..O..O-O.@.@.....@O..O-@.@:
0.499999
1.58114
24999
14;
@@O:
0.0109632
11.1913
12
3;
@@O.O:
0.0425181
9.69588
180
4;
@@O.O@:
0.0233486
3.07516
54
5;
@@O.OO:
0.0407038
4.89645
165
5;
@@O.OO..@:
0.0927824
2.88972
860
6;
@@O.OO..O:
0.0458291
1.67202
210
6;
@@O.OO..O.O.O:
0.312499
1.76777
9765
8;
@@O.OO..O-:
0.999999
1.73205
99999
7;
@@O.O...@:
0.0829135
3.69877
687
5;
@@O.O...@O:
0.0953195
2.28968
908
6;
@@O.O...O:
0.0427753
1.50571
182
5;
@@O.O....@:
0.0624989
1.73205
390
5;
@@O.O....O:
0.102338
2.67652
1047
5;
@@O.O....-:
0.636363
4.22116
40495
5;
@@O..O:
0.0103162
3.34116
10
4;
@@.@@.O.@..O@...@:
0.40909
1.91881
16735
9;
@@.@@.O.-:
0.021738
1.46703
47
6;
@@.@@.O.-@.OO:
0.382352
2.22948
14619
9;
@@.@@.O.-@.OO.O:
0.499999
1.87083
24999
10;
@@.@@.O.-@.OO.O.O:
0.499999
1.87083
24999
11;
@@.@@.O.-O.O:
0.0647698
1.6296
419
8;
@@.@@.O.-O.O@:
0.0754706
1.45369
569
9;
@@.@@.O.-O.O@.@:
0.105262
1.52177
1108
10;
@@.@@...-...@:
0.333332
1.63299
11111
6;
@@.@O.@.O@.-:
0.149532
1.54678
2235
8;
@@.@O.@.OO.-..O.@:
0.203124
1.625
4125
10;
@@.@O.@.OO.-..O.@.@:
0.243901
1.56174
5948
11;
@@.@O.@.OO.-..O.@.@.O:
0.249999
1.58114
6249
12;
@@.@O.@.OO.-..O.@.@.O.O:
0.299999
1.64317
8999
13;
@@.@O.@.O..@..@:
0.40909
1.91881
16735
8;
@@.@O.@.O..@..@...@:
0.449999
2.01246
20249
9;
@@.@O.O:
0.0317774
4.154
100
5;
@@.@O.O.@:
0.0277191
1.72222
76
6;
@@.@O.O.@O:
0.0974015
2.70281
948
7;
@@.@O.O.O:
0.0487245
1.77965
237
6;
@@.@O.O.O@:
0.0872082
1.98101
760
7;
@@.@O.O.O@.-:
0.348314
3.28599
12132
8;
@@.@O.O.-:
0.116968
4.07548
1368
6;
@@.@O.O.-@:
0.112902
2.1776
1274
7;
@@.@O.O.-@.O:
0.330356
3.49617
10913
8;
@@.@O.O.-@.OO:
0.279999
2.42487
7839
9;
@@.@O.O.-O:
0.122046
3.36903
1489
7;
@@.@O.O.-O.@:
0.362068
2.75743
13109
8;
@@.@O.O.-O.-:
0.0965298
2.48555
931
8;
@@.@O.O.-O.-O:
0.10204
1.74963
1041
8;
@@.@O.O.-O.-O...@:
0.384614
2.40192
14792
9;
@@.@O.O.-O.-O...@.....@:
0.42857
1.96396
18367
11;
@@.@O.O.-O.-O...@.....@.-O:
0.42857
1.96396
18367
12;
@@.@O.O.-O.-O...@.....@.-O.-....O:
0.42857
1.96396
18367
13;
@@.@O.O.-O.-..@:
0.256409
1.60128
6574
8;
@@.@O.O.-O.-..@...O:
0.40909
1.91881
16735
9;
@@.@O.O.-O.-..@...O.@:
0.40909
1.91881
16735
11;
@@.@O.O.-O.-..@...O.@...-O:
0.42857
1.96396
18367
12;
@@.@O...O@.-:
0.168733
3.38732
2847
7;
@@.@O...O@.-@:
0.304877
2.76079
9294
8;
@@.@O...O@.-@.O:
0.303796
2.70021
9229
9;
@@.@O...O@.-@.O...@:
0.319148
2.18797
10185
10;
@@.@O...O@.-@.O...@...@:
0.499999
2.54951
24999
11;
@@.@O...O@.-@.O...@...@.-:
0.499999
2.54951
24999
12;
@@.@O...O@.-@.O...@...@.-O:
0.499999
2.54951
24999
13;
@@.@O...O@.-@.O...@...@.-O.-..O:
0.499999
2.54951
24999
14;
@@.@O...O@.-@.O...@...@.-O.-..O.@:
0.499999
2.54951
24999
15;
@@.@O...O@.-..O:
0.157894
1.53897
2493
8;
@@.@O...O@.-..O.@:
0.233332
1.80739
5444
9;
@@.@O...O@.-..O.@.@.O:
0.380951
1.74574
14512
11;
@@.@O...O@.-..O.@.@.O.O:
0.380951
1.74574
14512
12;
@@.@O...O@.-..O.@.@.O.O.-:
0.36842
1.60591
13573
13;
@@.@O...O@.-..O.@.@.O.O.-O:
0.36842
1.60591
13573
14;
@@.@O...OO.-:
0.072764
1.59586
529
7;
@@.@O...OO.-..O.@.....@:
0.499999
1.58114
24999
10;
@@.@O...OO.-..O.@.....@.-:
0.499999
1.58114
24999
11;
@@.@O...OO.-..O.@.....@.-O:
0.499999
1.58114
24999
12;
@@.@O...OO.-....@.@:
0.304347
1.4596
9262
9;
@@.@O...OO.-....@.@.O:
0.304347
1.4596
9262
10;
@@.@O...OO.-....@.@.O.@:
0.454544
1.50756
20661
11;
@@.@O...OO.-....@.@.O.@.@:
0.499999
1.58114
24999
12;
@@.@O...OO.-....@.@.O.@.@O:
0.499999
1.58114
24999
13;
@@.@O...OO.-....@.@.O.@.@O.-....@:
0.499999
1.58114
24999
14;
@@.@..O.O@.O@...O:
0.42857
1.60357
18367
9;
@@.@..O.-:
0.0216752
1.61281
46
5;
@@.@..O.-@.O:
0.146551
2.73389
2147
7;
@@.@..O.-@.O@:
0.110168
1.69245
1213
8;
@@.@..O.-@.O@...O:
0.178946
1.74416
3202
9;
@@.@..O.-@.O@...O.@:
0.249999
2.06155
6249
10;
@@.@..O.-@.O@...O.@.@:
0.249999
2.06155
6249
11;
@@.@..O.-@.O@...O.@.@...-:
0.499999
2.54951
24999
12;
@@.@..O.-@.O@...O.@.@...-O:
0.499999
2.54951
24999
13;
@@.@..O.-@.O@...O.@.@...-O.-..@:
0.499999
2.54951
24999
14;
@@.@..O.-@.O@...O.@.@...-O.-..@.O:
0.499999
2.54951
24999
15;
@@.@..O.-O.O:
0.103274
2.05773
1066
7;
@@.@..O.-O.O@:
0.118181
1.75292
1396
8;
@@.@..O.-O.O@.@:
0.26804
2.6399
7184
9;
@@.@..O.-O.O@.@.O:
0.257142
2.15141
6612
10;
@@.@..O.-O.O@.@.....@:
0.454544
1.50756
20661
10;
@@.@..O.-O.O@.@.....@.O:
0.454544
1.50756
20661
11;
@@.@..O.-O.O@.@.....@.O.-O:
0.499999
1.58114
24999
12;
@@.@..O.-O.O@.@.....@.O.-O.@:
0.499999
1.58114
24999
13;
@@.@..O.-O.O@.@.....@.O.-O.@-.@:
0.499999
1.58114
24999
14;
@@.@..O.-O.O..@:
0.444443
1.88562
19752
8;
@@.@..O.-O.O..@.O:
0.466666
1.80739
21777
9;
@@.@..O.-O.O..@.O...@:
0.499999
1.58114
24999
10;
@@.O:
0.0105825
7.13197
11
3;
@@.OO:
0.0423026
9.74318
178
4;
@@.OO.@:
0.0257198
2.39494
66
5;
@@.OO.@.O:
0.0586455
1.51235
343
6;
@@.OO.O:
0.0507282
3.98476
257
5;
@@.OO.O..O:
0.066201
1.58609
438
6;
@@.OO.O..O.O@:
0.857142
2.26779
73469
8;
@@.OO.O..O.O@.O:
0.799999
1.78885
63999
9;
@@.OO.O.-:
0.649999
2.90689
42249
6;
@@.OO.O.-@:
0.615384
2.2188
37869
7;
@@.OO.O.-O:
0.749999
1.5
56249
7;
@@.OO...@:
0.0470051
1.98709
220
5;
@@.OO...O:
0.0850256
3.67685
722
5;
@@.OO...O@:
0.0819154
2.08364
671
6;
@@.OO....@:
0.0951872
2.94315
906
5;
@@.OO...-:
0.438775
4.34365
19252
5;
@@.O..O.-:
0.038561
1.50836
148
5;
@@..O:
0.0180548
13.7671
32
3;
@@..O.O:
0.0635754
6.46295
404
4;
@@..O.O..O:
0.0470109
1.66544
221
5;
@@..O...@:
0.0258513
5.77939
66
4;
@@..O...@@:
0.0166709
2.28072
27
5;
@@..O...@@..O:
0.0208894
1.43811
43
6;
@@..O...@O:
0.0345881
3.63022
119
5;
@@..O...@O..O:
0.0400954
2.30929
160
6;
@@..O...O:
0.0500555
8.41606
250
4;
@@..O...O@:
0.0312924
3.45747
97
5;
@@..O...O...O:
0.0553722
2.73411
306
5;
@@..O...O...O.@:
0.0557812
1.51231
311
6;
@@..O...O...O.@.....@:
0.238094
1.54303
5668
7;
@@..O...O-:
0.107537
3.39213
1156
5;
@@..O...O-..O.@.....O:
0.388888
1.64991
15123
8;
@@..O...O-..O.@.....O...-:
0.388888
1.64991
15123
9;
@@..O....O:
0.0686436
7.498
471
4;
@@..O....O..@:
0.0406132
2.19843
164
5;
@@..O....O..@.O:
0.0507375
2.00209
257
6;
@@..O...-:
0.0604999
3.08199
366
4;
@@..O...-O:
0.105811
2.74092
1119
5;
@@..O...-...@:
0.280701
2.11925
7879
5;
@@..O...-...@...........-:
0.499999
2
24999
6;
@@..O...-...@...........-...@:
0.499999
2
24999
7;
@@.-O:
0.0138245
4.55243
19
4;
@@-.O:
0.0135173
4.51355
18
4;
@O:
0.0178635
36.92
31
2;
@O@:
0.011061
11.2706
12
3;
@O@.@O:
0.0220321
2.96501
48
5;
@O@.O:
0.0117613
4.64205
13
4;
@O@.OO:
0.0438801
5.15675
192
5;
@O@.OO..@:
0.0935603
2.94978
875
6;
@O@.OO..O:
0.0487605
1.75271
237
6;
@O@.O...O:
0.0148209
1.50098
21
5;
@O@..O:
0.0576995
8.3211
332
4;
@O@..O..@:
0.0739568
3.49329
546
5;
@O@..O...O:
0.109999
1.90525
1209
5;
@OO:
0.022032
20.2493
48
3;
@OO.@:
0.012905
5.9694
16
4;
@OO.@@..O:
0.0347091
1.86307
120
6;
@OO.@O:
0.0166239
4.19396
27
5;
@OO.@O..@:
0.0420685
1.91313
176
6;
@OO.@O..O:
0.0330409
2.26307
109
6;
@OO.@O...-:
0.448275
2.41404
20095
6;
@OO.@O...-@:
0.666666
1.63299
44444
7;
@OO.@....O:
0.0190714
1.66871
36
5;
@OO.O:
0.0166727
6.58169
27
4;
@OO.O@:
0.0163901
4.16829
26
5;
@OO.O@..@:
0.0407674
1.88331
166
6;
@OO.O@..O:
0.0305286
2.14709
93
6;
@OO.O@...@:
0.0679814
1.45171
462
6;
@OO.O@...@-:
0.999999
1.73205
99999
7;
@OO.O@....-:
0.499999
2.12132
24999
6;
@OO.OO:
0.0214103
4.45275
45
5;
@OO.OO..@:
0.0417983
2.09498
174
6;
@OO.OO..@@:
0.0959989
1.51789
921
7;
@OO.O...@:
0.028533
1.93338
81
5;
@OO.O...@@:
0.0741677
1.46659
550
6;
@OO..@:
0.0153986
3.67918
23
4;
@OO..O:
0.0134882
2.90126
18
4;
@OO..O..@:
0.0286572
1.94496
82
5;
@OO.....@:
0.0787971
4.68037
620
4;
@OO.....@O:
0.0643974
1.84746
414
5;
@OO......-:
0.181158
2.12814
3281
4;
@O.@:
0.0213916
15.4444
45
3;
@O.@@:
0.0187939
7.48518
35
4;
@O.@@.O:
0.0283541
4.84542
80
5;
@O.@@.O.@:
0.0287449
1.51647
82
6;
@O.@@.O.O:
0.079493
2.6449
631
6;
@O.@@...O:
0.0536094
2.29212
287
5;
@O.@@...OO:
0.0597473
1.5068
356
6;
@O.@O:
0.020773
9.59643
43
4;
@O.@O.@:
0.0313786
4.6968
98
5;
@O.@O.@.@:
0.0316639
2.62131
100
6;
@O.@O.@..@:
0.0521007
2.14125
271
6;
@O.@O.O:
0.0243587
4.67708
59
5;
@O.@O.O.@:
0.02644
2.68179
69
6;
@O.@O...@:
0.0242567
2.59218
58
5;
@O.@O...O:
0.0480562
2.12541
230
5;
@O.@..@:
0.0258092
4.21396
66
4;
@O.@..O:
0.0291343
5.10933
84
4;
@O.@..O.@:
0.0226925
1.44493
51
5;
@O.O:
0.0104298
7.00402
10
3;
@O.O@.@:
0.0398413
3.29802
158
5;
@O.OO.@:
0.0545562
4.78116
297
5;
@O.OO.@.@:
0.115853
2.56976
1342
6;
@O.OO.@.@@:
0.252524
2.51259
6376
7;
@O.OO.@.O:
0.0547253
2.05278
299
6;
@O.OO.@.O@:
0.0748397
1.8755
560
7;
@O.O..@:
0.0847522
8.97305
718
4;
@O.O..@.@:
0.083731
2.421
701
5;
@O..@:
0.018374
11.8802
33
3;
@O..@.@:
0.039774
5.83502
158
4;
@O..@.@.@:
0.0218952
1.50177
47
5;
@O..@...@:
0.0126332
2.03258
15
4;
@O..@...O:
0.0249076
3.08466
62
4;
@O..@...OO:
0.0363833
2.40523
132
5;
@O..@...OO..@:
0.0559761
1.81732
313
6;
@O..@....O:
0.0400664
7.43054
160
4;
@O..@....O....@:
0.0384561
3.62662
147
5;
@O..@....-:
0.0717478
1.51524
514
4;
@O..O:
0.0159397
10.0301
25
3;
@O..O.@:
0.104714
9.78847
1096
4;
@O..O.@.@:
0.0962502
4.27642
926
5;
@O..O...@:
0.0239354
4.71561
57
4;
@O..O...@@:
0.0360224
2.1557
129
5;
@O..O...O:
0.0139851
2.55569
19
4;
@O.-:
0.0221224
8.0085
48
3;
@O.-@:
0.0378884
6.61245
143
4;
@O.-O:
0.0149292
4.0378
22
4;
@O.-O.@:
0.207316
1.87733
4297
5;
@O-:
0.0265566
11.9377
70
3;
@O-.@:
0.0185821
5.14598
34
4;
@O-.@O:
0.120689
1.592
1456
5;
@O-.O:
0.0389379
6.74971
151
4;
@.@@.@.O@..O.@:
0.399999
2.68328
15999
8;
@.@@.@.O@..O.@...@:
0.449999
2.84605
20249
9;
@.@@.@.O-:
0.0207275
1.43253
42
6;
@.@@.@.O-.OO:
0.0634047
1.4897
402
8;
@.@@.@.O-.OO.@.@.O...O:
0.299999
1.64317
8999
12;
@.@@.@.O-.OO.@.@.O...O.O:
0.299999
1.64317
8999
13;
@.@@.@.O-.OO.@.@.O...O.O-.@:
0.473683
2.06474
22437
14;
@.@@.O.@O.O-:
0.0617875
1.53231
381
8;
@.@@.O.@O.O-...O.@:
0.191175
1.57648
3654
10;
@.@@.O.@O.O-...O.@.@:
0.208332
1.44337
4340
11;
@.@@.O.@O..@...@:
0.42857
1.96396
18367
8;
@.@@.O.@O..@...@...@:
0.449999
2.01246
20249
9;
@.@@.O.O@:
0.0258788
1.60872
66
6;
@.@@.O.O@.O:
0.0907287
2.04293
823
7;
@.@@.O.O@.O-.O:
0.229166
1.58771
5251
9;
@.@@.O.OO:
0.063149
2.31684
398
6;
@.@@.O.OO.@:
0.18475
3.41164
3413
7;
@.@@.O.OO.@-:
0.283464
3.19448
8035
8;
@.@@.O.OO.@-...O:
0.399999
1.78885
15999
9;
@.@@.O.O-:
0.0760531
2.77155
578
6;
@.@@.O.O-.@:
0.0948265
1.76898
899
7;
@.@@.O.O-.@O:
0.270269
2.84747
7304
8;
@.@@.O.O-.@O.O:
0.247422
2.43683
6121
9;
@.@@.O.O-.O:
0.0676009
1.89286
456
7;
@.@@.O.O-.O-:
0.0642739
1.66248
413
8;
@.@@.O.O-.O-...@:
0.249999
1.87083
6249
8;
@.@@.O.O-.O-...@...O:
0.346153
1.76504
11982
9;
@.@@.O.O-.O-...@...O.@:
0.346153
1.76504
11982
11;
@.@@.O.O-.O-...@...O.@..-.O:
0.42857
1.96396
18367
12;
@.@@.O..O.@:
0.0455669
1.82386
207
6;
@.@@.O..O.@-:
0.16492
3.22336
2719
7;
@.@@.O..O.@-.@:
0.271604
2.44444
7376
8;
@.@@.O..O.@-.@.O:
0.26923
2.37778
7248
9;
@.@@.O..O.@-.@.O...@:
0.319148
2.18797
10185
10;
@.@@.O..O.@-.@.O...@...@:
0.499999
2.54951
24999
11;
@.@@.O..O.@-.@.O...@...@-:
0.499999
2.54951
24999
12;
@.@@.O..O.@-.@.O...@...@-.O:
0.499999
2.54951
24999
13;
@.@@.O..O.@-.@.O...@...@-.O-...O:
0.499999
2.54951
24999
14;
@.@@.O..O.@-.@.O...@...@-.O-...O.@:
0.499999
2.54951
24999
15;
@.@@.O..O.@-...O.@:
0.229166
1.58771
5251
9;
@.@@.O..O.O-:
0.0845976
1.81641
715
7;
@.@@.O..O.O-.O:
0.382352
2.22948
14619
8;
@.@@.O..O.O-.O.O:
0.523809
2.4004
27437
9;
@.@@.O..O.O-.O.O.@:
0.499999
2.23607
24999
10;
@.@@.O..O.O-...O:
0.238094
1.54303
5668
8;
@.@@.O..O.O-...O.@:
0.238094
1.54303
5668
9;
@.@@.O..O.O-...O.@.@:
0.236841
1.45999
5609
10;
@.@@.O..O.O-.....@.@:
0.310344
1.67126
9631
9;
@.@@.O..O.O-.....@.@.O:
0.310344
1.67126
9631
10;
@.@@.O..O.O-.....@.@.O.@:
0.454544
1.50756
20661
11;
@.@@.O..O.O-.....@.@.O.@@:
0.499999
1.58114
24999
12;
@.@@.O..O.O-.....@.@.O.@@.O:
0.499999
1.58114
24999
13;
@.@@.O..O.O-.....@.@.O.@@.O-.....@:
0.499999
1.58114
24999
14;
@.@@...OO.@O.@:
0.421052
1.83532
17728
8;
@.@@...OO.@O.@...O:
0.399999
1.54919
15999
9;
@.@@...OO.@-...@:
0.499999
2.12132
24999
8;
@.@@...OO.@-...@.@:
0.499999
2
24999
9;
@.@@...O..@-.....@:
0.384614
1.96116
14792
7;
@.@@...O..@-.....@.O:
0.384614
1.96116
14792
8;
@.@@...O..@-.....@.O.@:
0.384614
1.96116
14792
9;
@.@@...O..@-.....@.O.@.@:
0.384614
1.96116
14792
10;
@.@@...O..@-.....@.O.@.@..@:
0.384614
1.96116
14792
11;
@.@@...O..@-.....@.O.@.@..@O:
0.384614
1.96116
14792
12;
@.@@...O-:
0.0275252
2.04548
75
5;
@.@@...O-.@:
0.0510399
1.96955
260
6;
@.@@...O-.@O:
0.194985
3.69446
3801
7;
@.@@...O-.@O.@:
0.173912
2.88926
3024
8;
@.@@...O-.@O.@.@:
0.114285
1.51186
1306
9;
@.@@...O-.@O.@...O:
0.279999
2.8
7839
9;
@.@@...O-.@O.@...O.@:
0.383561
3.27715
14711
10;
@.@@...O-.@O.@...O.@.@:
0.383561
3.27715
14711
11;
@.@@...O-.@O.@...O.@.@..-:
0.499999
3.60555
24999
12;
@.@@...O-.@O.@...O.@.@..-.O:
0.499999
3.60555
24999
13;
@.@@...O-.@O.@...O.@.@..-.O-...@:
0.499999
3.60555
24999
14;
@.@@...O-.@O.@...O.@.@..-.O-...@.O:
0.499999
3.60555
24999
15;
@.@@...O-.OO:
0.090908
2.11058
826
7;
@.@@...O-.OO.@:
0.366336
3.68164
13420
8;
@.@@...O-.OO.@.@:
0.366336
3.68164
13420
9;
@.@@...O-.OO.@.@.O:
0.343283
2.8099
11784
10;
@.@@...O-.OO.@.@.O...@:
0.448275
2.41404
20095
11;
@.@@...O-.OO.@.@.O...@.O:
0.444443
1.88562
19752
12;
@.@@...O-.OO.@.@.....@:
0.499999
2.23607
24999
10;
@.@@...O-.OO.@.@.....@.O:
0.499999
2.23607
24999
11;
@.@@...O-.OO.@.@.....@.O-.O:
0.499999
2.23607
24999
12;
@.@@...O-.OO.@.@.....@.O-.O@:
0.499999
2.23607
24999
13;
@.@@...O-.OO.@.@.....@.O-.O@.-.@:
0.499999
2.23607
24999
14;
@.@@...O-.OO...@.O:
0.466666
1.80739
21777
9;
@.@@...O-.OO...@.O...@:
0.545454
1.80907
29752
10;
@.@O:
0.0106258
7.14652
11
3;
@.@O.O:
0.0550744
8.44202
303
4;
@.@O.O.@O:
0.0616427
1.48969
379
6;
@.@O.O.O..@:
0.139622
2.27289
1949
6;
@.@O.O.O..O:
0.0984837
1.60019
969
6;
@.@O.O.O..OO.@.O:
0.749999
1.5
56249
9;
@.@O.O.O-:
0.236841
1.45999
5609
6;
@.@O.O.O-.@:
0.749999
1.5
56249
7;
@.@O.O..@:
0.0489578
2.06384
239
5;
@.@O.O..O:
0.104206
4.09601
1085
5;
@.@O.O....@:
0.0928185
2.21798
861
5;
@.@O.O..-:
0.39423
4.02038
15541
5;
@.@O...O-:
0.0359567
1.44414
129
5;
@.@..O:
0.0248654
13.8768
61
3;
@.@..O..@:
0.0257401
5.7513
66
4;
@.@..O..@.@:
0.0192921
2.06022
37
5;
@.@..O..@.O:
0.0343054
2.95773
117
5;
@.@..O..@.O..O:
0.0391309
2.07473
153
6;
@.@..O..O:
0.050585
8.39744
255
4;
@.@..O..O.@:
0.0310948
2.76579
96
5;
@.@..O..O....O:
0.0582949
1.74109
339
5;
@.@..O..O.-:
0.103619
2.93266
1073
5;
@.@..O..O.-..O:
0.18644
1.43208
3475
6;
@.@..O..O.-..O.@:
0.18644
1.43208
3475
7;
@.@..O..O.-..O.@.....O:
0.437499
1.75
19140
8;
@.@..O..O.-..O.@.....O..-:
0.437499
1.75
19140
9;
@.@..O....O:
0.0629498
6.33243
396
4;
@.@..O....O..@:
0.0427019
1.97129
182
5;
@.@..O....O..@.O:
0.0611531
2.08373
373
6;
@.@..O....O..@.O.....@:
0.275861
1.48556
7609
7;
@.@..O..-:
0.0612838
2.98099
375
4;
@.@..O..-.O:
0.0892551
2.19541
796
5;
@.@..O..-....@:
0.255318
1.75038
6518
5;
@.@.....O.-....@:
0.444443
1.88562
19752
5;
@.@-.O:
0.021222
4.21219
45
4;
@.O:
0.0185932
27.4462
34
2;
@.O@:
0.0216849
15.4765
47
3;
@.O@.@:
0.024216
6.7779
58
4;
@.O@.@.O@:
0.0303468
1.57751
92
6;
@.O@.@.OO:
0.0738366
2.44558
545
6;
@.O@.@..O:
0.0567557
2.4412
322
5;
@.O@.O:
0.0286413
8.34958
82
4;
@.O@.O.@@:
0.0324339
2.55332
105
6;
@.O@.O.@..@:
0.0598615
1.91092
358
6;
@.O@.O.@.....@:
0.21739
1.47442
4725
6;
@.O@.O.O@:
0.0285252
2.68648
81
6;
@.O@.O.OO.@O.@:
0.454544
1.50756
20661
9;
@.O@.O..@:
0.0253623
2.60231
64
5;
@.O@.O..O:
0.0424699
1.93325
180
5;
@.O@...O@:
0.0256541
1.54464
65
5;
@.O@...O-:
0.137096
1.52664
1879
5;
@.OO:
0.010601
7.11735
11
3;
@.OO.O.@@:
0.0846384
2.13788
716
6;
@.OO.O.@@.@:
0.264705
1.54349
7006
7;
@.OO.O.@O:
0.056081
1.99545
314
6;
@.OO.O.@-:
0.857142
2.26779
73469
6;
@.OO...@@:
0.0966247
2.46727
933
5;
@.O..@:
0.0195642
10.4318
38
3;
@.O..@..@:
0.0122226
1.95602
14
4;
@.O..@..O:
0.0245849
3.08061
60
4;
@.O..@..O.O:
0.0358207
2.06465
128
5;
@.O..@..O.O..@:
0.0597815
1.62186
357
6;
@.O..@..O....@:
0.0698566
1.94224
487
5;
@.O..@...@:
0.0154308
1.73915
23
4;
@.O..@....@:
0.0163696
2.01493
26
4;
@.O..@....O:
0.0432556
6.98833
187
4;
@.O..@....O....@:
0.0431614
3.6873
186
5;
@.O..O:
0.0164267
8.25982
26
3;
@.O..O..@:
0.0224159
4.40857
50
4;
@.O..O..@.@:
0.0346235
1.87005
119
5;
@.O..O..O:
0.0134727
2.51112
18
4;
@.O..O..O.@:
0.0455157
2.46043
207
5;
@.O..O....O:
0.0231402
1.80636
53
4;
@.O-:
0.021353
7.8231
45
3;
@.O-.@:
0.03903
5.26052
152
4;
@.O-.O:
0.0155688
3.05645
24
4;
@..@O:
0.0131939
6.22948
17
3;
@..@O.@.O:
0.0300657
1.56058
90
5;
@..@O.O:
0.0203394
3.44362
41
4;
@..@O.O.O:
0.053258
1.88901
283
5;
@..@O...O:
0.0642754
5.05787
413
4;
@..@.O:
0.0148088
5.10978
21
3;
@..@.O.OO:
0.0571418
1.94202
326
5;
@..@.O..O:
0.0651585
5.05396
424
4;
@..@.O..-.OO:
0.999999
1.73205
99999
6;
@..@..O:
0.0143132
3.92091
20
3;
@..@..O.OO.-:
0.999999
2
99999
6;
@..@...OO.O-:
0.999999
2
99999
6;
@..OO:
0.017608
6.69966
31
3;
@..OO.@:
0.0379832
2.38697
144
4;
@..OO.@.-:
0.454544
1.50756
20661
5;
@..O.O:
0.0172652
4.74502
29
3;
@..O.O..@:
0.0365233
3.22637
133
4;
@..O..@:
0.0221341
5.03875
48
3;
@..O..@.@:
0.0250595
1.52664
62
4;
@..O...@@:
0.0249252
1.52254
62
4;
@..O...@O:
0.035927
1.46823
129
4;
@...O:
0.0415676
26.252
172
2;
@...O.O:
0.0346771
7.09108
120
3;
@...O...O:
0.046394
9.292
215
3;
@....O:
0.0500709
24.8281
250
2;
@....O..O:
0.0458764
9.21018
210
3;
@..-O:
0.0232503
10.388
54
3;
@..-.O:
0.0267966
8.82464
71
3;
@.-.O:
0.0530311
11.5328
281
3;
@-:
0.0110308
11.687
12
2;
@-@.-O:
0.013747
4.43083
18
4;
@-O:
0.0262675
11.8526
68
3;
@-O.O:
0.070865
1.78577
502
4;
@-O.O@:
0.124999
1.58114
1562
5;
@-O.-@:
0.0173363
4.83971
30
4;
@-O.-O:
0.0403549
6.8978
162
4;
O@:
0.0177194
36.6023
31
2;
O@@:
0.0209339
19.187
43
3;
O@@.@:
0.0179367
7.23233
32
4;
O@@.@O:
0.0198581
5.08689
39
5;
O@@.@O..@:
0.0360992
2.3807
130
6;
O@@.@O..O:
0.0355514
1.9043
126
6;
O@@.@O...O:
0.0831343
1.70579
691
6;
O@@.@...O:
0.0450315
3.20428
202
5;
O@@.@...OO:
0.0881046
1.87729
776
6;
O@@.O:
0.0206484
9.41752
42
4;
O@@.O@:
0.0202394
5.08799
40
5;
O@@.O@..@:
0.0369599
2.44697
136
6;
O@@.O@..O:
0.0296785
1.61611
88
6;
O@@.OO:
0.0188758
5.61298
35
5;
O@@.OO..@:
0.0347268
2.10011
120
6;
O@@.O...@:
0.0361913
1.62544
130
5;
O@@.O...O:
0.0335163
1.68789
112
5;
O@@..@:
0.024089
5.16175
58
4;
O@@..@..O:
0.0493842
3.39216
243
5;
O@@..O:
0.0241391
5.71715
58
4;
O@@..O..@:
0.0404582
1.73031
163
5;
O@@..O..O:
0.0360915
1.82223
130
5;
O@O:
0.0141263
14.51
19
3;
O@O.@@:
0.0408124
4.89881
166
5;
O@O.@@..O:
0.0463447
1.55241
214
6;
O@O.O:
0.0100624
4.30896
10
4;
O@O.O@:
0.0579581
7.59022
335
5;
O@O.O@..@:
0.0980232
3.556
960
6;
O@O.O@..@@:
0.218181
2.28831
4760
7;
O@O.O@..@O:
0.110131
2.34662
1212
7;
O@O..@:
0.0700277
10.1908
490
4;
O@O..@..@:
0.0546084
2.25359
298
5;
O@O..@..O:
0.0617566
2.53432
381
5;
O@.@:
0.0104602
7.09874
10
3;
O@.@@.O:
0.0259025
2.56
67
5;
O@.@@.O.O:
0.0457771
1.43528
209
6;
O@.@O:
0.0108924
4.39478
11
4;
O@.@O.O:
0.0460673
3.76072
212
5;
O@.@..O:
0.0786458
8.55229
618
4;
O@.@..O.O:
0.0672258
1.94028
451
5;
O@.O:
0.0182911
12.9698
33
3;
O@.O@:
0.0130864
5.91574
17
4;
O@.O@.@:
0.0114636
2.15747
13
5;
O@.O@.O:
0.0260832
3.96267
68
5;
O@.O@.O.@:
0.0436194
1.86806
190
6;
O@.O@.O.O:
0.022857
1.80795
52
6;
O@.O@.O..O:
0.0336762
1.44499
113
6;
O@.O@.O.-:
0.148935
2.04211
2218
6;
O@.O@...O:
0.0156551
1.52734
24
5;
O@.OO:
0.0172541
6.69674
29
4;
O@.OO.@:
0.0231327
3.76577
53
5;
O@.OO.@.@:
0.0781078
2.43645
610
6;
O@.OO.@.O:
0.0380384
1.989
144
6;
O@.OO.O:
0.0195912
2.86858
38
5;
O@.OO.O.@@:
0.0756087
1.53098
571
7;
O@.OO.O.O@:
0.0770822
1.68881
594
7;
O@.OO...@:
0.0469602
1.54759
220
5;
O@.O..@:
0.0206656
3.57957
42
4;
O@.O..O:
0.0150836
2.3271
22
4;
O@.O..O.O@.@:
0.333332
1.52752
11111
7;
O@.O..O..@:
0.0295335
1.70995
87
5;
O@.O....O:
0.0675411
3.81957
456
4;
O@.O....O@:
0.0693058
1.97007
480
5;
O@.O....-:
0.130136
2.22378
1693
4;
O@.O....-@:
0.175257
1.72609
3071
5;
O@..@:
0.0181134
11.5872
32
3;
O@..@...O:
0.0356888
7.47359
127
4;
O@..@...OO:
0.0364622
2.36197
132
5;
O@..@...O...@:
0.0459941
4.48329
211
5;
O@..O:
0.0156141
9.8148
24
3;
O@..O.O:
0.0453732
6.10718
205
4;
O@..O...@:
0.0348877
4.09226
121
4;
O@..O...@@:
0.0370785
2.18707
137
5;
O@..O...O:
0.0158974
2.41223
25
4;
O@.-:
0.026193
9.88189
68
3;
O@.-@:
0.017658
5.01992
31
4;
O@.-O:
0.0430847
7.31228
185
4;
O@-:
0.0204726
9.04618
41
3;
O@-.@:
0.0350432
6.0977
122
4;
O@-.O:
0.014486
4.0281
20
4;
O@-.O@:
0.0974201
1.81998
949
5;
OO@:
0.0139503
14.3174
19
3;
OO@.@:
0.0574297
13.1588
329
4;
OO@.@@:
0.0418983
4.95088
175
5;
OO@.@@..O:
0.0454166
1.5948
206
6;
OO@.@@..O@:
0.15909
1.82781
2530
7;
OO@.@O:
0.0595291
7.71944
354
5;
OO@.@O..@:
0.102256
3.85061
1045
6;
OO@.@O...@:
0.148514
1.49255
2205
6;
OO@.@...@:
0.0463351
1.99622
214
5;
OO@.@...O:
0.0561993
2.27386
315
5;
OO@.@...OO:
0.0594343
1.54189
353
6;
OO@.@....O:
0.0708545
1.93787
502
5;
OOO.@:
0.0116044
6.57235
13
4;
OOO.@@:
0.0605739
12.115
366
5;
OOO.@@..@:
0.285631
16.8329
8158
6;
OOO.@@..@O:
0.260614
9.63218
6791
7;
OOO.@@..@O-:
0.195803
2.34148
3833
8;
OOO.@@..@O-..@:
0.999999
1.73205
99999
9;
OOO.@@..@O-..@@:
0.999999
1.73205
99999
10;
OOO.@@..@...@:
0.386363
3.62441
14927
7;
OOO.@@..@...@@:
0.882352
3.63803
77854
8;
OOO.@@..@...@@O:
0.818181
2.7136
66942
9;
OOO.@@..@...@@OO:
0.799999
2.52982
63999
10;
OOO.@@..@-:
0.115189
3.23763
1326
7;
OOO.@@..@-O:
0.193797
2.20113
3755
8;
OOO.@@..@-O.@:
0.999999
2
99999
9;
OOO.@@..O:
0.0237801
1.54211
56
6;
OO.@:
0.0105407
7.07998
11
3;
OO.@@:
0.0589977
13.2818
348
4;
OO.@@.@:
0.0369259
3.1045
136
5;
OO.@@.O:
0.0741304
5.95272
549
5;
OO.@@.O.@:
0.0706703
1.68132
499
6;
OO.@@.O.O:
0.0402224
1.70179
161
6;
OO.@@...@:
0.107431
4.13301
1154
5;
OO.@@...O:
0.0673564
2.80728
453
5;
OO.@@...OO:
0.0934332
1.85932
872
6;
OO.@@....@:
0.091088
2.04697
829
5;
OO.@@....O:
0.0878367
1.85086
771
5;
OO.O@:
0.0111683
6.28985
12
4;
OO.O@.@:
0.08224
11.3811
676
5;
OO.O@.@.@:
0.06169
2.97016
380
6;
OO.O@.@.O:
0.0803319
5.56853
645
6;
OO.O@.@.O@:
0.363733
11.1043
13230
7;
OO.O@.@.O@.-:
0.391303
2.65395
15311
8;
OO.O@.@..@:
0.408182
13.2329
16661
6;
OO.O@.@..@..O:
0.354838
2.794
12591
7;
OO.O@.@..@..O.@:
0.666666
3.26599
44444
8;
OO.O@.@..@..O.@.@:
0.899999
2.84605
80999
9;
OO.O@.@..@..O.@.@.O:
0.888888
2.66667
79012
10;
OO.O@.@..@..O.@.@.O.@:
0.999999
1.73205
99999
11;
OO.O@.@.-:
0.11701
3.73153
1369
6;
OO.O@.@.-@:
0.199261
4.639
3970
7;
OO.O@.@.-@.O:
0.296295
2.17732
8779
8;
OO.O@.@.-@.-O.@.@:
0.999999
2
99999
11;
OO..@:
0.0133808
9.97266
17
3;
OO..@.@:
0.112117
11.8951
1257
4;
OO..@.@.-:
0.185896
3.2836
3455
5;
OO..@.@.-@:
0.174657
2.98455
3050
6;
OO..@...@:
0.0364976
5.79157
133
4;
OO..@...@O:
0.0192162
1.92086
36
5;
OO..@...O@:
0.0167813
1.70884
28
5;
OO..@...O@..@:
0.0293805
1.5896
86
6;
OO.-@:
0.0163694
5.41173
26
4;
OO-.@:
0.0157001
5.24485
24
4;
OO-.@@:
0.13793
1.81943
1902
5;
O.@:
0.0181265
26.7562
32
2;
O.@@:
0.0107101
7.16287
11
3;
O.@@.O:
0.0132882
3.76382
17
4;
O.@@.O.O@:
0.0500585
1.45
250
6;
O.@@.O.OO:
0.0456743
1.46518
208
6;
O.@@...OO:
0.0839495
2.38928
704
5;
O.@O:
0.0182153
12.9976
33
3;
O.@O.@:
0.0195613
5.72936
38
4;
O.@O.@.O@:
0.0463001
2.00704
214
6;
O.@O.@.O@.@:
0.161971
1.93012
2623
7;
O.@O.@.OO:
0.0235909
1.83032
55
6;
O.@O.@.O-:
0.137724
1.77979
1896
6;
O.@O.@..O:
0.0182421
1.71913
33
5;
O.@O.O:
0.0190283
5.15044
36
4;
O.@O.O.@@:
0.0688984
2.22728
474
6;
O.@O.O.@O:
0.0340101
1.81634
115
6;
O.@O.O..@:
0.0467195
1.55867
218
5;
O.@O....O:
0.0764131
4.20139
583
4;
O.@O....O.@:
0.0995464
2.09287
990
5;
O.@O....-:
0.0902602
1.85201
814
4;
O.@..@:
0.0213567
11.0558
45
3;
O.@..@..@:
0.015116
2.88871
22
4;
O.@..@..O:
0.0361728
7.68583
130
4;
O.@..@..O.O:
0.038097
2.18226
145
5;
O.@..@..O....@:
0.0404207
3.97554
163
5;
O.@..O:
0.0154339
8.02944
23
3;
O.@..O..O:
0.0169481
2.61676
28
4;
O.@-:
0.026241
9.73987
68
3;
O.@-.@:
0.0218861
4.34107
47
4;
O.@-.O:
0.0434997
5.39866
189
4;
O.O@:
0.0104442
7.06601
10
3;
O.O@.@:
0.0598585
8.89575
358
4;
O.O@.@.O@:
0.0762071
1.76763
580
6;
O.O@.@.O@....@.O:
0.999999
1.73205
99999
8;
O.O@.@.OO:
0.0429741
1.83086
184
6;
O.O@.@..@:
0.0997056
3.68241
994
5;
O.O@.@..O:
0.0590168
2.71611
348
5;
O.O@.@....@:
0.122806
1.85434
1508
5;
O.O@.@....O:
0.108373
1.5441
1174
5;
O.OO.@:
0.0132439
4.88679
17
4;
O.OO.@.@@:
0.063513
2.94982
403
6;
O.OO.@.@O:
0.0717249
5.21384
514
6;
O.OO.@.@O.@:
0.290843
6.86416
8458
7;
O.OO.@.@O.@-:
0.181817
1.59545
3305
8;
O.OO.@.@O.@-.@:
0.324999
2.05548
10562
9;
O.OO.@.@..@:
0.372203
9.31255
13853
6;
O.OO.@.@..@..O:
0.382978
2.62557
14667
7;
O.OO.@.@..@..O.@:
0.541666
2.65361
29340
8;
O.OO.@.@..@..O.@.@:
0.799999
2.52982
63999
9;
O.OO.@.@..@..O.@.@.O:
0.999999
2.82843
99999
10;
O.OO.@.@..@..O.@.@.O.@:
0.999999
1.73205
99999
11;
O.OO.@.@-:
0.109443
3.68389
1197
6;
O.OO.@.@-.@:
0.100579
2.28696
1011
7;
O.OO.@.@-.@O:
0.285713
1.85164
8163
8;
O.OO.@.@-.@-.O.@.@:
0.999999
1.73205
99999
11;
O.O.@:
0.0170957
5.95328
29
3;
O.O..@:
0.0145605
7.87329
21
3;
O.O..@..@:
0.036539
5.81688
133
4;
O.O..@..O.@:
0.0166106
1.44675
27
5;
O.O-.@:
0.0237057
4.70554
56
4;
O..@@:
0.0166247
6.30099
27
3;
O..@@.O:
0.0407724
2.67121
166
4;
O..@@...-:
0.090908
1.80907
826
4;
O..@@...-@:
0.153845
1.6641
2366
5;
O..@.@:
0.0198747
5.44562
39
3;
O..@.@..@:
0.0201148
1.92388
40
4;
O..@.@..-:
0.0904099
1.7273
817
4;
O..@..O:
0.0217259
5.04188
47
3;
O..O@.@:
0.0149916
2.41498
22
4;
O..O@.@.@:
0.0562213
2.23691
316
5;
O..O@...@:
0.0224961
1.89725
50
4;
O..O.@.@@:
0.045085
2.00316
203
5;
O..O.@..@:
0.0226421
1.86129
51
4;
O..-@:
0.0139105
6.21326
19
3;
O..-.@:
0.0119704
4.19073
14
3;
O.-.@:
0.015132
3.10236
22
3;
O.-..@:
0.0698554
2.25821
487
3;
O-@:
0.0211481
9.34479
44
3;
O-@.@:
0.0528956
1.49052
279
4;
O-@.@O:
0.0810174
1.68394
656
5;
O-@.-@:
0.0375232
6.42761
140
4;
O-@.-O:
0.0148821
4.01849
22
4;
O-O.@@:
0.153408
2.0352
2353
5;
O-O.-@:
0.0161206
5.31008
25
4;
O-..@:
0.0609247
3.30238
371
3;
.@@@..@O.-O:
0.0873113
2.36389
762
7;
.@@@..@O.-OO:
0.0647762
1.43975
419
8;
.@@@..O@.O:
0.039905
2.32964
159
6;
.@@@..O@.O@......@:
0.449999
2.01246
20249
8;
.@@@..O@.O@......@@:
0.449999
2.01246
20249
9;
.@@@..O@.O-:
0.129869
3.41882
1686
7;
.@@@..O@.O-@:
0.188118
1.89057
3538
8;
.@@@..O@.O-@.....O:
0.421052
1.83532
17728
9;
.@@@..O@.O-O:
0.102766
2.31168
1056
8;
.@@@..O@.O-O....O:
0.112902
1.98787
1274
9;
.@@@..O@.O-O....O@O:
0.210525
1.83532
4432
11;
.@@@..O@.O-O....O@O@:
0.210525
1.83532
4432
12;
.@@@..OO.@:
0.0292072
1.48991
85
6;
.@@@..OO.@-O....O:
0.499999
2.12132
24999
9;
.@@@..OO.O-:
0.199999
2.09762
3999
7;
.@@@..OO.O-@:
0.197801
1.88691
3912
8;
.@@@..OO.-:
0.0709423
2.58238
503
6;
.@@@..OO.-O:
0.212388
2.25773
4510
7;
.@@@..OO.-O@:
0.206521
1.98089
4265
8;
.@@@..OO.--:
0.0701743
2.05196
492
7;
.@@@..OO.--O:
0.0801619
2.17477
642
7;
.@@@..OO.--O....O:
0.0903944
1.70078
817
8;
.@@@..OO.--O....O..@:
0.42857
2.77746
18367
9;
.@@@..OO.--O....O..@...@:
0.42857
2.77746
18367
11;
.@@@..OO.--O....O..@...@.--O:
0.42857
2.77746
18367
12;
.@@@..OO.--O.....O:
0.232557
1.52498
5408
8;
.@@@..OO.--O.....O@:
0.263157
1.62221
6925
9;
.@@@..OO.--O.....O@...@:
0.346153
1.76504
11982
11;
.@@@..OO.--O.....O@...@..--O:
0.42857
1.96396
18367
12;
.@@@..O..O:
0.0208096
1.78438
43
5;
.@@@..O..O@O....O@:
0.749999
1.5
56249
9;
.@@@..O..O-:
0.107421
3.4375
1153
6;
.@@@..O..O-@:
0.187942
3.1561
3532
7;
.@@@..O..O-@....@:
0.327868
2.56074
10749
8;
.@@@..O..O-@....@@:
0.306121
2.14286
9371
9;
.@@@..O..O-@....@@O:
0.306121
2.14286
9371
10;
.@@@..O..O-@....@@O....@:
0.499999
2.54951
24999
11;
.@@@..O..O-@....@@O....@.-:
0.499999
2.54951
24999
12;
.@@@..O..O-@....@@O....@.--O:
0.499999
2.54951
24999
13;
.@@@..O..O-O:
0.0999989
2.25832
999
7;
.@@@..O..O-O....@:
0.499999
1.87083
24999
8;
.@@@..O..O-O....O:
0.259258
1.90516
6721
8;
.@@@..O..O-O.....@:
0.267605
2.25488
7161
8;
.@@@..O..O-O.....@O:
0.249999
1.5
6249
9;
.@@@..O..O-O.....@O@:
0.249999
1.5
6249
10;
.@@@..O..O-O.....@.@:
0.473683
2.06474
22437
9;
.@@@..O..O-O.....@.@..O@:
0.454544
1.50756
20661
11;
.@@@..O..O-O.....@.@..O@.@:
0.499999
1.58114
24999
12;
.@@@..O..O-O.....@.@..O@.@-O:
0.499999
1.58114
24999
13;
.@@@..O..O-O......O:
0.473683
2.06474
22437
8;
.@@@..O..O-O......O@:
0.473683
2.06474
22437
9;
.@@@..O..O-O......O@...@:
0.473683
2.06474
22437
10;
.@@@..O..O-O......O@...@.-:
0.473683
2.06474
22437
11;
.@@@..O..O-O......O@...@.--O:
0.444443
1.88562
19752
12;
.@@@...O.@OO....@O:
0.555555
1.66667
30864
9;
.@@@...O.@OO....@O@:
0.555555
1.66667
30864
10;
.@@@...O.OO@....@:
0.399999
1.78885
15999
8;
.@@@...O.-:
0.0253367
1.63109
64
5;
.@@@...O.-O:
0.0996591
2.96143
993
6;
.@@@...O.-O@:
0.151898
2.70021
2307
7;
.@@@...O.-OO:
0.0948498
1.82203
899
7;
.@@@...O.-OO....@:
0.2043
1.97021
4173
8;
.@@@...O.-OO....@O:
0.281249
1.59099
7910
9;
.@@@...O.-OO....@O@:
0.281249
1.59099
7910
10;
.@@@...O.-OO.....@:
0.571428
1.51186
32652
8;
.@@O:
0.0211566
15.3338
44
3;
.@@O..@:
0.027236
5.7218
74
4;
.@@O..@O.O:
0.0987857
2.37294
975
6;
.@@O..@..O:
0.064448
1.99896
415
5;
.@@O..O:
0.0322092
7.15417
103
4;
.@@O..O@.@:
0.034362
1.84443
118
6;
.@@O..O@..@@....@:
0.799999
1.78885
63999
8;
.@@O..OO.@:
0.0308631
1.75682
95
6;
.@@O..O..@:
0.0407952
2.25822
166
5;
.@@O..O..O:
0.0663404
2.12396
440
5;
.@@.@O:
0.0102581
2.47275
10
4;
.@@.O:
0.0131082
6.04881
17
3;
.@@.OO:
0.0165943
3.71135
27
4;
.@@.OO...O:
0.057521
1.72949
330
5;
.@@.O...O:
0.0132209
1.45448
17
4;
.@@..O:
0.0135214
4.43721
18
3;
.@@...O:
0.0166321
4.79795
27
3;
.@@...OO.O:
0.0428792
1.50753
183
5;
.@@...OO..O:
0.0657073
1.45006
431
5;
.@@...O..O:
0.0565935
3.63133
320
4;
.@@...O..-OO:
0.999999
1.73205
99999
6;
.@@....O.@O:
0.0714275
1.66904
510
5;
.@@....O.-O:
0.749999
1.5
56249
5;
.@O@:
0.0104746
7.10657
10
3;
.@O@..O:
0.065636
8.11381
430
4;
.@O@..OO..O:
0.118643
1.57846
1407
6;
.@O@..OO.-:
0.899999
2.84605
80999
6;
.@O@..O..@:
0.0446574
1.50917
199
5;
.@O@..O..O:
0.0867526
2.84044
752
5;
.@O@..O..-:
0.531914
3.64662
28293
5;
.@OO:
0.0106392
7.21989
11
3;
.@OO..O@.@:
0.136363
2.12132
1859
6;
.@OO..O@.O:
0.0644688
1.70327
415
6;
.@OO..O@..@.....@:
0.749999
1.5
56249
7;
.@OO..O@..@.....@@:
0.999999
1.73205
99999
8;
.@OO...@.@:
0.0816982
2.02113
667
5;
.@O.O:
0.0178341
6.78736
31
3;
.@O.O@:
0.0332826
2.98664
110
4;
.@O.OO:
0.0110626
2.76897
12
4;
.@O.O....@:
0.0382772
2.98644
146
4;
.@O..@:
0.020545
5.66143
42
3;
.@O..@..@:
0.0214514
1.43507
46
4;
.@O...O:
0.017904
3.99866
32
3;
.@O...O..@:
0.0417245
2.71761
174
4;
.@.@O:
0.0163887
5.61405
26
3;
.@.@O.O:
0.0517167
6.05541
267
4;
.@.@O.O.O:
0.0797608
2.31172
636
5;
.@.@O.O.O@:
0.0956511
1.77666
914
6;
.@.@O.O..@:
0.0993965
4.04976
987
5;
.@.@..O:
0.0269902
13.6756
72
3;
.@.@..O..@:
0.0282065
5.24965
79
4;
.@.@..O..@.@:
0.0207278
1.94233
42
5;
.@.@..O..@.O:
0.0353782
2.758
125
5;
.@.@..O..@.O....O:
0.0449989
2.11069
202
6;
.@.@..O..O:
0.0505306
7.16873
255
4;
.@.@..O..O.@:
0.038583
2.90023
148
5;
.@.@..O..O......O:
0.0643852
1.4354
414
5;
.@.@..O..O.-:
0.140786
3.09411
1982
5;
.@.@..O..O.-....O:
0.437499
1.75
19140
6;
.@.@..O..O.-....O.@:
0.466666
1.80739
21777
7;
.@.@..O..O.-....O.@...O:
0.466666
1.80739
21777
8;
.@.@..O..O.-....O.@...O..-:
0.466666
1.80739
21777
9;
.@.@..O....O:
0.0719413
6.11638
517
4;
.@.@..O....O....@:
0.0548686
2.09513
301
5;
.@.@..O....O....@.O:
0.0779599
2.01345
607
6;
.@.@..O....O....@.O...@:
0.222221
1.49071
4938
7;
.@.@..O....-:
0.132882
2.80002
1765
4;
.@.@..O....-......@:
0.216215
1.85996
4674
5;
.@.@..O..-:
0.108618
4.10317
1179
4;
.@.@..O..-.O:
0.153456
3.73692
2354
5;
.@.@..O..-.O....@:
0.211764
1.95237
4484
6;
.@.@..O..-.O....@.O:
0.231883
1.92617
5376
7;
.@.@..O..-.O....@.O...O:
0.461537
2.35339
21301
8;
.@.@..O..-.O....@.O...O..-:
0.47826
2.29366
22873
9;
.@.@..O..-.O....@.O...O..-.-....@:
0.47826
2.29366
22873
10;
.@.@.....-.O....@:
0.17647
1.45521
3114
5;
.@.O:
0.0202169
20.9155
40
2;
.@.OO:
0.0636764
16.9315
405
3;
.@.OO.O:
0.0406051
6.08212
164
4;
.@.OO.O.O:
0.0407639
1.81713
166
5;
.@.OO.O.O@:
0.100961
2.05922
1019
6;
.@.O..@:
0.023966
10.5852
57
3;
.@.O..@..@:
0.0129161
1.75337
16
4;
.@.O..@..O:
0.0268289
2.72123
71
4;
.@.O..@..O.O:
0.0427705
2.06813
182
5;
.@.O..@..O.O....@:
0.0631959
1.46584
399
6;
.@.O..@..O......@:
0.0707954
1.68281
501
5;
.@.O..O:
0.0200303
8.21497
40
3;
.@.O..O..@:
0.0226133
3.81031
51
4;
.@.O..O..@.@:
0.0375806
1.61032
141
5;
.@.O..O..O:
0.0132566
2.03055
17
4;
.@.O.....@:
0.0189507
2.2746
35
3;
.@..O:
0.0420734
26.416
177
2;
.@..O...O:
0.0426169
6.46263
181
3;
.@..O...OO:
0.0263976
1.8808
69
4;
.@..O....@:
0.0594398
10.7772
353
3;
.@..O....O:
0.0519006
8.7703
269
3;
.@..O....O..O:
0.0693604
4.57681
481
4;
.@....O:
0.0559095
24.8569
312
2;
.@....O..O:
0.0474028
7.97894
224
3;
.@....O..O.O:
0.0293029
1.60585
85
4;
.@.-:
0.0110461
6.19321
12
2;
.@.-O:
0.0536217
11.3986
287
3;
.@-O:
0.0214156
7.78932
45
3;
.@-.O:
0.0227802
9.92617
51
3;
.O@@:
0.0104598
7.13168
10
3;
.O@@..@O.-:
0.749999
1.5
56249
6;
.O@@..O:
0.0119386
2.63608
14
4;
.O@@..OO.O:
0.0813942
1.68785
662
6;
.O@O:
0.0107034
7.20459
11
3;
.O@O..@:
0.0620824
7.29421
385
4;
.O@O..@..@:
0.0884075
2.82078
781
5;
.O@O..@..O:
0.0611292
1.79997
373
5;
.O@O..@...@:
0.230087
2.44587
5294
5;
.O@O..@...@@:
0.232557
1.52498
5408
6;
.O@.@:
0.0165081
6.27227
27
3;
.O@.@O:
0.0347826
3.07024
120
4;
.O@.@....@:
0.0210397
1.66022
44
4;
.O@.OO:
0.0104623
2.60991
10
4;
.O@..O:
0.0223678
6.01977
50
3;
.O@..O...@:
0.0383026
1.46458
146
4;
.O@...@:
0.0221349
4.93677
48
3;
.OO@:
0.0179507
12.8016
32
3;
.OO@..@:
0.0244353
5.32642
59
4;
.OO@..@O.O:
0.0317586
1.53304
100
6;
.OO@..@O.-:
0.195401
1.82259
3818
6;
.OO@..@..O:
0.028136
1.56459
79
5;
.OO@..O:
0.0218466
4.26092
47
4;
.OO@..O@.@:
0.0914386
2.07308
836
6;
.OO@..O@..-:
0.281249
1.59099
7910
6;
.OO@..OO.OO.....@:
0.727272
2.41209
52892
8;
.OO@..OO.OO.....@@:
0.888888
2.66667
79012
9;
.OO@..OO.-:
0.175257
1.72609
3071
6;
.OO@.....O:
0.0790986
3.11918
625
4;
.OO@.....-:
0.193181
1.81221
3731
4;
.OOO..@:
0.0141068
4.23785
19
4;
.OOO..@@.@:
0.0613387
2.15912
376
6;
.OOO..@@.O:
0.114927
4.59856
1320
6;
.OOO..@@.O@:
0.0959399
1.57939
920
7;
.OOO..@@.O-@:
0.19101
1.802
3648
8;
.OOO..@@..@:
0.0824731
1.81631
680
6;
.OOO..@@...@:
0.430327
6.72194
18518
6;
.OOO..@@...@....O:
0.759999
3.8
57759
7;
.OOO..@@...@....OO:
0.615384
2.2188
37869
8;
.OOO..@@...@....OO@:
0.799999
2.52982
63999
9;
.OOO..@@...@....OO@@:
0.999999
2.82843
99999
10;
.OOO..@@.-:
0.0692726
2.07243
479
6;
.OOO..@@.-O:
0.177965
1.93321
3167
7;
.OOO..@@.-O@:
0.351851
2.58557
12379
8;
.OOO..O@.@O@....@:
0.454544
1.50756
20661
9;
.OO.@@:
0.0135774
3.11369
18
4;
.OO.@....@:
0.0231043
1.52004
53
4;
.OO...@..@:
0.0272612
1.80117
74
4;
.OO....@..@:
0.0249089
1.4973
62
4;
.O.@:
0.0202102
20.9202
40
2;
.O.@@:
0.0499059
13.443
249
3;
.O.@@.@:
0.0376012
5.67009
141
4;
.O.@@.@.@:
0.0283329
1.45775
80
5;
.O.@@.@.@O:
0.11083
2.2083
1228
6;
.O.@@.@..@:
0.0281038
2.42941
78
5;
.O.@@.O:
0.120672
10.9301
1456
4;
.O.@@.O.@:
0.0786386
2.41233
618
5;
.O.@..@:
0.0254033
11.0576
64
3;
.O.@..@O.-:
0.699999
2.21359
48999
5;
.O.@..@..@:
0.0141785
2.38454
20
4;
.O.@..@..O:
0.0372061
6.58662
138
4;
.O.@..@..O.O:
0.0409227
2.03305
167
5;
.O.@..@..O......@:
0.0485606
3.90492
235
5;
.O.@..O:
0.0186079
7.67326
34
3;
.O.@..O..@:
0.0371085
3.65506
137
4;
.O.@..O..O:
0.0146461
1.89821
21
4;
.O.@..O..O.-....@:
0.666666
1.63299
44444
6;
.O.@..O..O.-....@.@:
0.666666
1.63299
44444
7;
.O.O@:
0.0183163
6.3003
33
3;
.O.O@.@:
0.108922
12.8247
1186
4;
.O.O@.@.-:
0.131033
2.73294
1716
5;
.O.O@.@.-@:
0.118131
2.25381
1395
6;
.O.O..@:
0.0155558
7.48467
24
3;
.O.O..@..@:
0.0333645
4.42179
111
4;
.O..@:
0.0353474
22.284
124
2;
.O..@...O:
0.0283791
3.16067
80
3;
.O..@...O@:
0.0462296
2.26531
213
4;
.O....@:
0.0439058
19.6376
192
2;
.O....@..@:
0.0670363
12.0277
449
3;
.O....@..@@:
0.0414163
1.93069
171
4;
.O....@..@.O:
0.0502738
1.79376
252
4;
.O.-@:
0.0155526
3.24737
24
3;
.O.-..@:
0.0699471
1.9435
489
3;
.O-@:
0.0258843
9.82085
67
3;
.O-.@:
0.014201
6.32065
20
3;
..@@.O:
0.0195571
4.86873
38
3;
..@@.O.O..O:
0.0585038
1.77743
342
5;
..@@...O..O:
0.0516348
6.53474
266
4;
..@@...O..O-:
0.106582
2.69214
1135
5;
..@@...O...-:
0.102221
2.16846
1044
4;
..@@...O...-.......@:
0.249999
1.73205
6249
5;
..@@...O..-:
0.10535
3.64338
1109
4;
..@@...O..-O:
0.140114
3.19819
1963
5;
..@@...O..-O.....@:
0.208954
1.71037
4366
6;
..@@......-O.....@:
0.244897
1.71428
5997
5;
..@O:
0.0205158
21.2851
42
2;
..@O.O:
0.0789054
15.6476
622
3;
..@O.O.@..O:
0.101582
2.79676
1031
5;
..@O.O.@..OO:
0.153284
1.79415
2349
6;
..@O...@..O:
0.0256457
2.41815
65
4;
..@O...@-:
0.020498
2.3786
42
4;
..@..O:
0.0509506
25.3697
259
2;
..@..O..O:
0.0422124
6.58112
178
3;
..@..O..O@:
0.0494263
2.01322
244
4;
..@..O..O.O:
0.0275144
1.67528
75
4;
..@..O...O:
0.0601938
4.56371
362
3;
..@..O....O:
0.0510121
7.94055
260
3;
..@..O....O.O:
0.0361871
1.47353
130
4;
..@...O:
0.0117898
5.5602
13
2;
..@....O.O:
0.0392385
3.36753
153
3;
..@....O..@:
0.0624216
10.1948
389
3;
..@....O..@O:
0.070898
3.94941
502
4;
..@....O..@O.....@:
0.0860204
2.032
739
5;
..@....O..@O.....O:
0.080356
1.70084
645
5;
..@....O..@......@:
0.0453842
2.60046
205
4;
..@....O..@......@.O:
0.0618676
2.46234
382
5;
..@....O..O:
0.0486249
7.50716
236
3;
..@....O..OO:
0.029256
1.61365
85
4;
..@....O..-:
0.155038
1.7609
2403
3;
..@....O..-O:
0.189872
1.68763
3605
4;
..@-:
0.010426
5.97339
10
2;
..@-.O:
0.0783102
10.6377
613
3;
..O@:
0.0198044
20.5681
39
2;
..O@.@:
0.0612783
12.4415
375
3;
..O@...@..@:
0.0160054
2.31564
25
4;
..O@...@..O:
0.0418432
6.5042
175
4;
..O@...@..O......@:
0.0518434
4.02187
268
5;
..O@...O.@:
0.0173803
1.4562
30
4;
..O@...O..@:
0.0358231
3.22875
128
4;
..O@...O..@@:
0.0416193
1.76678
173
5;
..O@...O..@O:
0.0441029
2.04692
194
5;
..O@...O..O:
0.0137772
1.57483
18
4;
..OO.@:
0.0262365
6.47719
68
3;
..OO.@.@-:
0.0888878
2.06559
790
5;
..OO..@:
0.0284022
5.61495
80
3;
..O..@:
0.0443354
21.8316
196
2;
..O..@..O:
0.0274293
3.0539
75
3;
..O..@..O.@:
0.0490864
1.95674
240
4;
..O....@.@:
0.0276585
2.39858
76
3;
..O....@.@@:
0.0303952
1.54961
92
4;
..O....@..@:
0.0720985
11.8785
519
3;
..O....@..@O:
0.0451011
1.69898
203
4;
..O....@..O:
0.0476435
7.42139
226
3;
..O-.@:
0.0172611
2.27567
29
3;
...@O.O:
0.0339693
7.04491
115
3;
...@.O:
0.0110436
6.02709
12
2;
...@.O.OO:
0.023519
1.44682
55
4;
...@..O:
0.0541483
24.5132
293
2;
...@..O.O:
0.0425765
4.3577
181
3;
...@..O....O:
0.0497374
6.80854
247
3;
...@..O....O....O:
0.0692426
3.7768
479
4;
...@...OO:
0.0408603
4.2594
166
3;
...@...O..O:
0.0427793
5.12097
183
3;
...@...O..O@:
0.0727321
4.02734
528
4;
...@...O..O@.......@:
0.126581
2.25017
1602
5;
...@...O..O@.......O:
0.14563
1.47799
2120
5;
...@...O..OO:
0.0304196
1.69102
92
4;
...@...O..O-:
0.207546
1.51097
4307
4;
...@...O...@:
0.0657728
9.16478
432
3;
...@...O...@.....O:
0.0723986
3.92698
524
4;
...@...O...@.....O.@:
0.0684078
2.46747
467
5;
...O...@..@:
0.0324893
3.71159
105
3;
...O...@...O:
0.0518767
7.12295
269
3;
...-..O:
0.043444
1.57365
188
2;
..-@:
0.0113996
6.426
12
2;
..-..O:
0.0418872
1.62449
175
2;
.-@O:
0.0225793
8.14225
50
3;
.-@.-O:
0.0238177
10.392
56
3;
.-O@:
0.0254029
9.61748
64
3;
.-O.-@:
0.0145544
6.43169
21
3;
.-.@:
0.010682
6.0454
11
2;
-@:
0.0111909
11.962
12
2;
-@.O:
0.0266145
9.9584
70
3;
-O.@:
0.0211957
7.65981
44
3;
-O..@:
0.0693984
3.65979
481
3;
-.@:
0.0123698
10.6072
15
2;
-.@O:
0.02659
9.92305
70
3;
-.O@:
0.0202383
7.47806
40
3;
